|            RA |            DEC | FCC | Mem |            MType | BTmag |
| 48.9265118303 | -33.5411154341 |   2 |   1 |       d:SBc(LSB) |  15.1 |
| 49.4221081388 | -37.1479661977 |   4 |   1 |              dE2 |  17.0 |
| 49.4658762742 | -36.7664570632 |   5 |   1 |        dE5 / ImV |  17.3 |
| 49.4721872895 | -35.6514697722 |   6 |   1 |              dE5 |  16.0 |
| 49.6931117839 | -35.5456174899 |   7 |   1 |              dE1 |  18.9 |
| 49.7259699611 | -33.3257188721 |   8 |   2 |              dE? |  18.5 |
| 50.3001429366 | -36.2662119763 |  14 |   1 |              dE3 |  17.6 |
| 50.4155296801 | -33.4532830126 |  15 |   1 |              dE7 |  16.6 |
| 50.4309678971 | -35.9250304741 |  16 |   1 |              dE2 |  17.8 |
| 50.9823274888 | -34.8073662499 |  27 |   2 |              dE2 |  19.3 |
| 51.0070655276 | -37.2244278382 |  30 |   2 |        dE or dS0 |  18.9 |
| 51.0737379034 | -35.2616040667 |  31 |   2 |              dE4 |  16.8 |
| 51.2182759606 | -35.4340959296 |  32 |   1 |     dE pec / BCD |  15.4 |
| 51.2593861214 | -35.2234159604 |  34 |   2 |               dE |  18.4 |
| 51.2891463336 | -36.5518750907 |  38 |   1 |          dE0 pec |  17.5 |
| 51.3532894476 | -36.7432309665 |  40 |   1 |              dE4 |  17.6 |
| 51.4423642596 | -35.5082783037 |  42 |   1 |              dE0 |  18.3 |
| 51.5310143915 | -35.1274997681 |  44 |   2 |              dS0 |  17.5 |
|  51.604186638 | -37.1261312672 |  46 |   2 |              dE4 |  15.6 |
| 51.6773189574 | -34.5472167246 |  48 |   1 |              dE3 |  17.1 |
| 51.6813123792 | -37.2975374658 |  49 |   1 |              dE4 |  19.2 |
| 51.7212992199 | -36.7974066474 |  51 |   1 |              dE4 |  18.5 |
| 51.7833503239 | -34.3984522265 |  52 |   1 |              dE1 |  18.5 |
| 51.8657159315 | -35.9221146273 |  57 |   1 |    dE6(boxy) pec |  17.8 |
| 51.8941601107 | -37.5030729197 |  58 |   1 |              dE2 |  18.0 |
| 51.9991870536 | -38.5393185982 |  64 |   1 |              dE5 |  17.5 |
| 52.0272582504 | -35.2352245177 |  65 |   1 |     dE6,N or dS0 |  17.5 |
| 52.1167978375 | -33.7330522309 |  66 |   1 |              dE3 |  16.9 |
|  52.359012877 | -35.6023325634 |  71 |   2 |              dE2 |  20.5 |
| 52.3886571099 | -35.8663380149 |  72 |   1 |        dE0 / ImV |  19.3 |
| 52.3932806409 | -36.7016422683 |  73 |   2 |              dE3 |  19.4 |
| 52.4241783669 | -31.9622696922 |  74 |   2 |               dE |  17.7 |
|  52.407594267 | -35.3983504239 |  75 |   2 |              dE3 |  19.8 |
| 52.4370261061 | -36.0551369499 |  79 |   2 |              dE? |  18.7 |
|  52.532888055 | -32.4738035781 |  80 |   1 |        dE or dS0 |  15.6 |
| 52.7344754547 | -33.5557018489 |  87 |   1 |              dE3 |  18.6 |
|  52.835899393 | -35.8180607827 |  93 |   2 |              dE2 |  19.4 |
| 52.8445721578 | -34.9703077859 |  94 |   1 |              dE0 |  19.3 |
| 52.8528905282 |  -35.329510281 |  95 |   1 |     dSB0 or dSBa |  14.6 |
| 52.8434064625 | -37.6108867841 |  96 |   2 |        dE0 / ImV |  19.2 |
| 52.8615014517 | -35.4931563669 |  97 |   1 |              dE1 |  19.0 |
| 52.9367624446 | -34.3367690036 |  99 |   1 |              dE4 |  17.1 |
| 52.9448474175 |  -35.674313967 | 101 |   2 |       dE0,N or S |  17.2 |
| 53.1134880885 | -35.7738573065 | 103 |   1 |              dE2 |  19.3 |
| 53.1259098624 | -34.3466685729 | 104 |   2 |              dE6 |  18.5 |
| 53.2023060549 | -36.1517060268 | 108 |   1 |              dE0 |  19.1 |
| 53.1949283693 | -37.6403046941 | 109 |   1 |              dE4 |  18.3 |
|  53.238446676 | -35.7362864567 | 110 |   1 |              dE4 |  16.8 |
| 53.2857695249 | -35.3956334672 | 114 |   2 |             dE1? |  19.7 |
| 53.3110490197 | -37.8196469114 | 117 |   1 |              dE0 |  18.2 |
| 53.4264919695 | -32.4233733334 | 122 |   1 |              dS0 |  17.3 |
| 53.4537755225 | -34.1682191028 | 124 |   1 |        dE3 + ImV |  18.0 |
|  53.451582847 | -35.8346167527 | 125 |   1 |              dE4 |  18.7 |
| 53.4802113293 | -34.3452683545 | 126 |   1 |              dE0 |  20.4 |
| 53.5243167522 | -35.2751721354 | 127 |   2 |             dE3? |  19.8 |
| 53.5503809246 |  -35.226662175 | 131 |   2 |              dE3 |  20.3 |
| 53.5757357438 |  -35.793155978 | 132 |   2 |              dE2 |  18.5 |
| 53.5902445161 | -34.5912555605 | 134 |   2 |   dE5 pec,N or E |  17.6 |
| 53.7139451356 | -36.3217570734 | 138 |   2 |              dE2 |  18.6 |
| 53.7380401719 |  -35.205172675 | 141 |   2 |              dE4 |  19.7 |
| 53.7506681804 |  -35.320778836 | 144 |   1 |              dE0 |  19.2 |
| 53.7724840386 |  -35.216974188 | 145 |   1 |              dE0 |  19.6 |
| 53.8488057392 | -36.0900600434 | 149 |   2 |               dE |  19.9 |
| 53.8766618032 | -35.2498823759 | 154 |   1 |              dE3 |  19.2 |
| 53.8909143506 | -34.8032668476 | 155 |   1 |              dE2 |  18.3 |
| 53.9277124766 | -35.3367500201 | 156 |   1 |              dE1 |  17.2 |
| 54.0302724627 |  -35.432153345 | 162 |   1 |              dE0 |  20.0 |
| 54.0282567172 |  -35.841316499 | 163 |   1 |              dE0 |  19.8 |
| 54.0977015922 | -35.9099232875 | 165 |   1 |              dE6 |  17.5 |
| 54.1155841579 | -35.2091526809 | 168 |   1 |              dE0 |  18.7 |
| 54.1296189189 | -34.8008701766 | 169 |   1 |              dE2 |  17.2 |
| 54.1524422909 |  -37.363487911 | 172 |   2 |              dE4 |  20.4 |
| 54.1790832778 | -34.1577245771 | 173 |   1 |        dE3 / ImV |  18.0 |
| 54.1889017127 | -33.0121959416 | 174 |   2 |   dE1,N or E(cD) |  16.7 |
| 54.1778767867 | -35.4341221836 | 175 |   2 |              dE3 |  18.8 |
| 54.2047265958 | -36.2281253106 | 180 |   1 |              dS0 |  18.0 |
| 54.2610138568 | -34.8738877657 | 185 |   1 |              dE3 |  19.5 |
| 54.2423899518 | -38.1330173149 | 186 |   2 |              dE4 |  17.8 |
| 54.2696700131 | -34.6016967478 | 187 |   1 |              dE5 |  17.5 |
| 54.2912693071 | -35.3854012442 | 191 |   2 |              dE3 |  19.3 |
| 54.2916062601 | -35.8867968926 | 192 |   2 |              dE0 |  19.6 |
| 54.3243431551 | -35.6972015642 | 194 |   2 |              dE3 |  18.2 |
| 54.3909236435 | -35.8277432039 | 196 |   1 |              dE6 |  17.7 |
| 54.4202967451 | -35.2947977152 | 197 |   1 |              dE3 |  19.1 |
| 54.4274026836 | -37.2073469284 | 198 |   1 |              dE5 |  17.9 |
|  54.477628491 |  -34.880575064 | 200 |   1 |              dE2 |  17.4 |
| 54.4731108294 | -37.2783614712 | 201 |   1 |              dE4 |  16.7 |
| 54.5557862736 | -37.2884103729 | 206 |   1 |          dE0 pec |  15.8 |
| 54.5795243583 | -36.0643237488 | 210 |   1 |              dE0 |  18.7 |
|  54.586976058 | -36.4118570692 | 212 |   1 |             dE1? |  17.6 |
| 54.6520281462 | -35.8323856867 | 214 |   1 |              dE0 |  19.0 |
| 54.6630129916 | -36.5566038753 | 216 |   2 |              dE0 |  19.2 |
| 54.6727852741 | -36.7255333413 | 217 |   2 |         dE / ImV |  19.7 |
| 54.6886892815 | -35.2644689985 | 218 |   1 |              dE4 |  18.5 |
| 54.7291993844 | -35.2351846129 | 220 |   1 |              dE2 |  19.5 |
| 54.9066992732 | -36.5520140136 | 225 |   2 |              dE4 |  19.6 |
| 54.9587670997 |  -35.021092648 | 226 |   1 |              dE? |  17.8 |
|  54.963640794 | -35.3205597112 | 228 |   1 |              dE0 |  18.8 |
| 54.9798983853 | -35.6609058069 | 229 |   1 |              dE0 |  19.1 |
| 55.0408079794 | -35.8347608944 | 236 |   2 |              dE2 |  19.2 |
| 55.0786959431 | -33.4201633096 | 237 |   1 |              dE3 |  17.8 |
| 55.0770944235 | -37.4982575059 | 239 |   2 |              dE5 |  18.9 |
| 55.0857423281 | -37.6427380457 | 242 |   1 |              dE5 |  17.8 |
| 55.1274647979 | -35.8762171473 | 244 |   2 |      dE6 / ImIV? |  18.2 |
|  55.156339445 | -36.1196681432 | 246 |   1 |              dE2 |  19.1 |
| 55.1757626705 | -35.6597403317 | 247 |   1 |        dE3 / Im? |  17.8 |
| 55.1803764048 | -35.8594831533 | 248 |   2 |              dE3 |  18.7 |
| 55.1841115753 | -37.4067379506 | 250 |   1 |              dE1 |  17.1 |
|  55.206193411 | -35.0220767181 | 251 |   1 |              dE0 |  19.0 |
| 55.2652383976 | -34.9531445715 | 256 |   1 |              dE3 |  20.1 |
| 55.2791304789 | -35.6887636303 | 258 |   1 |              dE2 |  19.6 |
| 55.2806033554 | -35.5134897738 | 259 |   2 |              dE2 |  17.8 |
| 55.3391310654 | -33.7678709229 | 261 |   1 | dE3 pec,N / ImIV |  15.8 |
| 55.3386911036 | -35.9470596362 | 262 |   1 |              dE1 |  17.8 |
| 55.4268625663 | -33.4829403035 | 265 |   1 |              dE5 |  18.1 |
| 55.4571691323 | -36.6286515848 | 268 |   2 |              dE1 |  18.3 |
| 55.4886179599 | -35.2907065842 | 269 |   1 |              dE0 |  18.3 |
| 55.4995026893 |  -37.632721435 | 270 |   2 |               dE |  19.7 |
| 55.5253601809 | -34.8480708109 | 271 |   1 |              dE1 |  18.7 |
| 55.5455095837 | -35.4423246362 | 272 |   1 |               dE |  19.2 |
| 55.5651207385 | -34.4535033046 | 273 |   2 |              dE2 |  18.8 |
| 55.5784865445 | -35.5594023184 | 275 |   1 |               dE |  19.3 |
| 55.6534315657 | -35.9544290254 | 280 |   1 |              dE1 |  18.6 |
| 55.6606224438 | -35.8664012728 | 281 |   1 |              dE1 |  17.9 |
| 55.6636408821 | -38.2286633116 | 283 |   2 |              dE2 |  17.8 |
| 55.7282578796 | -35.3419441619 | 284 |   2 |              dE1 |  19.0 |
| 55.8057953709 | -35.5172570911 | 287 |   2 |              dE0 |  18.0 |
| 55.8460818672 |  -34.693798481 | 289 |   1 |              dE0 |  18.7 |
| 55.9149155449 | -35.2143584628 | 291 |   2 |              dE5 |  19.4 |
| 56.1243222299 |  -35.176867041 | 295 |   2 |              dE0 |  18.9 |
| 56.1630885323 | -35.9811990394 | 297 |   1 |              dE1 |  17.8 |
| 56.3778819289 | -34.5037155427 | 304 |   1 |              dE1 |  18.8 |
| 56.3903261404 |  -37.081295558 | 305 |   1 |         dS0  (6) |  15.7 |
| 56.4485832861 | -35.0590074792 | 307 |   1 |              dE3 |  17.7 |
| 56.5337681527 | -36.8213169742 | 309 |   1 |              dE2 |  17.5 |
| 56.6388160099 | -34.6844953847 | 313 |   1 |           dS0(9) |  17.4 |
| 56.7872810817 |  -32.772576363 | 317 |   1 |              dE1 |  17.7 |
|  56.891425282 | -35.9527572056 | 321 |   1 |               dE |  18.8 |
| 56.9059222739 | -36.3622654063 | 323 |   1 |        dE2 / ImV |  17.5 |
| 56.9692848074 | -36.4703021101 | 324 |   1 |         dS0  (8) |  15.3 |
|  57.008986204 | -35.0251689351 | 325 |   1 |              dE3 |  18.2 |
| 57.0170362649 | -36.7449441382 | 326 |   1 |              dE1 |  18.6 |
| 57.0399074534 | -37.5239356256 | 327 |   1 |             dE3? |  17.4 |
| 57.0913331657 | -36.1060723375 | 328 |   1 |               dE |  18.4 |
| 57.2311967771 | -35.9513628624 | 329 |   2 |               dE |  18.2 |
|  57.307045995 | -35.9255610109 | 330 |   2 |               dE |  19.4 |
| 57.3021003919 | -36.9727756466 | 331 |   1 |               dE |  17.1 |
| 57.5961252533 | -35.2467352311 | 334 |   2 |         dE(boxy) |  18.6 |
| 57.7184517857 | -35.1705690784 | 336 |   1 |           dE pec |  17.6 |
|  57.754737998 | -36.6824027473 | 337 |   1 |         dE / ImV |  17.8 |
|  58.322798944 | -37.8325335911 | 340 |   2 |               dE |  18.2 |
