|            RA |            DEC | FCC | Mem |        MType | BTmag |
|  47.862774781 | -33.4172599454 |   1 |   2 |         dE,N |  18.5 |
| 50.1059418373 | -34.5704725555 |  11 |   2 |        dE4,N |  17.0 |
| 50.5679565962 |  -33.717188805 |  17 |   2 |        dE3,N |  18.0 |
| 50.5949307516 |  -37.395936418 |  19 |   2 |   dS0  (8),N |  15.2 |
|  50.889615543 | -36.9812052961 |  25 |   1 |        dE0,N |  17.7 |
|  51.300463392 | -32.9013271666 |  36 |   2 |    dE4 pec,N |  15.9 |
| 51.5096764022 | -32.8935086479 |  43 |   1 | dS0 /2 (5),N |  13.5 |
| 51.7250344359 | -35.5171300586 |  50 |   1 |        dE0,N |  16.6 |
| 51.8212182232 | -33.0344168561 |  54 |   2 |        dE1,N |  18.0 |
| 51.8394705004 | -36.1450723665 |  56 |   1 |        dE1,N |  17.5 |
| 51.9480722979 | -33.5635168197 |  59 |   1 |        dE0,N |  19.4 |
| 51.9999218509 |  -33.662604673 |  61 |   1 |        dE3,N |  18.0 |
| 52.2159796507 | -33.8445442094 |  68 |   1 |        dE5,N |  16.5 |
| 52.2571177762 | -37.3591821521 |  70 |   2 |       dE2,N? |  18.5 |
| 52.4244126149 | -36.2200901817 |  77 |   1 |        dE0,N |  18.2 |
| 52.5415971144 | -33.6919043161 |  81 |   2 |        dE1,N |  17.1 |
| 52.6265804728 | -34.2586260498 |  82 |   1 |        dE1,N |  16.4 |
| 52.6520682526 | -35.0401210093 |  84 |   2 |       dE0,N? |  19.5 |
| 52.6919549726 | -35.5480577841 |  85 |   1 |        dE0,N |  16.3 |
| 52.6939199684 | -35.3530633597 |  86 |   1 |       dE5,N? |  17.5 |
|  52.800668811 | -33.2423432209 |  89 |   1 |         dE,N |  18.0 |
| 52.9480639668 | -35.0501533015 | 100 |   1 |        dE4,N |  15.5 |
| 53.1241107598 |  -36.086679594 | 105 |   1 |       dE1,N? |  17.3 |
| 53.1984718177 | -34.2372268546 | 106 |   1 |    d:S0(6),N |  15.1 |
| 53.1874834788 | -37.8350001779 | 107 |   1 |       dE3,N? |  17.0 |
| 53.2645853513 | -33.7230340659 | 111 |   1 |        dE0,N |  16.8 |
| 53.2633519428 | -36.4419463079 | 112 |   1 |     dS0(5),N |  17.1 |
| 53.3029011486 |  -36.015984395 | 116 |   1 |        dE1,N |  16.1 |
| 53.3797878878 | -34.4540450192 | 118 |   1 |        dE0,N |  17.6 |
| 53.5836926266 | -35.3606824491 | 133 |   1 |        dE0,N |  17.5 |
| 53.6281166972 | -34.2961225946 | 135 |   1 |     dS0(5),N |  15.5 |
| 53.6225275372 | -35.5447248832 | 136 |   1 |        dE2,N |  14.8 |
| 53.6834461906 | -35.8599662108 | 137 |   1 |        dE0,N |  16.9 |
| 53.7348047837 | -35.1896043039 | 140 |   1 |        dE4,N |  19.0 |
| 53.7423263028 | -35.0410210448 | 142 |   1 |        dE2,N |  18.5 |
| 53.7976510891 | -35.3215182123 | 146 |   2 |        dE4,N |  19.5 |
| 53.8496620965 | -36.3622885814 | 150 |   1 |        dE4,N |  15.7 |
| 53.8553503361 | -36.1773088444 | 151 |   1 |       dE0,N? |  18.0 |
| 53.9279218588 |  -35.512586048 | 157 |   1 |       dE0,N? |  18.3 |
| 53.9425545382 |  -35.988204089 | 158 |   1 |        dE6,N |  16.8 |
| 53.9814319305 | -34.8263997268 | 159 |   1 |        dE3,N |  18.1 |
| 54.0163991974 | -35.3873761934 | 160 |   1 |        dE1,N |  17.7 |
| 54.0533418165 |  -36.165029612 | 164 |   1 |     dS0(5),N |  16.4 |
| 54.0992268447 | -37.1621653535 | 166 |   2 |        dE3,N |  18.1 |
| 54.1557156148 | -35.3845900686 | 171 |   2 |       dE0,N? |  17.9 |
| 54.2020916802 | -34.2786496554 | 178 |   1 |        dE3,N |  17.2 |
| 54.2211411016 | -34.9367870638 | 181 |   1 |        dE2,N |  17.2 |
| 54.2198008253 | -36.4848541227 | 183 |   1 |     dS0(7),N |  17.2 |
| 54.2688552436 | -35.5886485087 | 188 |   1 |        dE0,N |  16.1 |
|  54.283894833 | -34.7298096611 | 189 |   2 |        dE4,N |  18.8 |
| 54.3469477956 | -34.8986709454 | 195 |   1 |        dE5,N |  16.7 |
| 54.5267290233 | -35.4382749438 | 202 |   1 |       d:E6,N |  15.3 |
| 54.5379720448 | -34.5169205993 | 203 |   1 |        dE6,N |  15.5 |
| 54.5567510904 | -33.1253136756 | 204 |   1 |     dS0(8),N |  14.9 |
|   54.52949781 | -38.0941491713 | 205 |   1 |       dE1,N? |  16.9 |
| 54.5797201095 | -35.1273698533 | 207 |   1 |        dE2,N |  15.9 |
| 54.5777507607 | -35.5290330858 | 208 |   1 |        dE2,N |  17.3 |
| 54.5932379831 | -33.6585188929 | 209 |   2 |        dE5,N |  18.7 |
| 54.5889256026 | -35.2582409857 | 211 |   2 |       d:E2,N |  16.3 |
| 54.6562331353 | -35.7554570328 | 215 |   2 |        dE,N? |  19.2 |
| 54.7735083682 | -36.0973140449 | 221 |   2 |        dE4,N |  17.7 |
| 54.8053294148 | -35.3696543556 | 222 |   1 |        dE0,N |  15.6 |
| 54.8310718571 | -35.7233714005 | 223 |   1 |        dE0,N |  16.2 |
| 54.9586989854 | -35.5210978421 | 227 |   1 |       dE0,N? |  19.3 |
| 55.0048253179 | -34.7565505169 | 230 |   1 |        dE5,N |  17.2 |
| 55.0186736692 | -34.1660436692 | 231 |   1 |       dE0,N? |  18.4 |
| 55.0304236338 | -32.3177378767 | 232 |   1 |        dE7,N |  17.4 |
| 55.0411693105 |  -34.445024939 | 234 |   1 |        dE5,N |  17.2 |
| 55.0710556404 | -36.5335001379 | 238 |   2 |        dE5,N |  18.7 |
| 55.0969858289 | -35.2744225479 | 241 |   1 |        dE0,N |  16.6 |
| 55.1120260909 | -36.4975516023 | 243 |   1 |        dE1,N |  16.5 |
| 55.1404932978 | -35.0212595609 | 245 |   1 |        dE0,N |  16.0 |
|   55.20933511 |  -35.746819457 | 252 |   1 |        dE0,N |  16.0 |
| 55.2300268973 | -37.8366481709 | 253 |   1 |       dE5,N? |  16.3 |
| 55.2526193959 | -35.7406029713 | 254 |   1 |        dE0,N |  17.6 |
| 55.2664982378 | -35.6459350145 | 257 |   2 |       dE0,N? |  18.1 |
| 55.3027005902 | -35.1569072785 | 260 |   1 |        dE0,N |  17.0 |
| 55.3820367537 | -35.5877841545 | 264 |   1 |   dS0  (8),N |  16.8 |
| 55.4215639493 | -35.1687706627 | 266 |   1 |        dE0,N |  15.9 |
| 55.5715398906 | -35.5390965177 | 274 |   1 |        dE0,N |  16.5 |
| 55.6130354435 |  -33.869244289 | 278 |   2 |        dE6,N |  16.8 |
| 55.6094178358 | -36.6856500643 | 279 |   1 |        dE0,N |  16.7 |
| 55.8023080008 | -34.6416777995 | 286 |   1 |       dE0,N? |  18.1 |
| 55.8442943074 | -33.9373941653 | 288 |   1 |     dS0(9),N |  15.4 |
|  55.976331512 | -33.0398593759 | 292 |   1 |       dE6,N? |  17.1 |
| 56.1043966563 | -35.8551278381 | 293 |   1 |        dE1,N |  17.6 |
| 56.1130488104 | -35.6643271637 | 294 |   1 |       dE1,N? |  17.2 |
|  56.136692477 | -35.1944170629 | 296 |   1 |        dE1,N |  16.3 |
| 56.1844672821 | -35.6821150954 | 298 |   2 |        dE2,N |  16.6 |
| 56.2491648376 |  -36.317938862 | 300 |   1 |        dE4,N |  16.1 |
| 56.3080863291 | -36.9354061202 | 303 |   1 |        dE1,N |  15.5 |
| 56.5752404519 | -33.7620054352 | 311 |   1 |     dS0(8),N |  16.9 |
| 56.6559628598 | -37.1579270471 | 314 |   1 |        dE2,N |  16.5 |
| 56.7557541099 | -36.4361008758 | 316 |   1 |        dE3,N |  16.3 |
| 56.7834774325 |  -36.325378739 | 318 |   1 |        dE2,N |  16.1 |
| 56.8174287342 | -32.3007492377 | 319 |   1 |        dE6,N |  16.4 |
| 56.8934041635 |  -32.253279496 | 320 |   2 |       dE5,N? |  17.3 |
| 58.0123151806 | -37.8734762575 | 339 |   2 |         dE,N |  17.5 |
