|            RA |            DEC | FCC | Mem |       MType | BTmag |
| 53.2857695249 | -35.3956334672 | 114 |   2 |        dE1? |  19.7 |
|  53.451582847 | -35.8346167527 | 125 |   1 |         dE4 |  18.7 |
| 53.5243167522 | -35.2751721354 | 127 |   2 |        dE3? |  19.8 |
| 53.5503809246 |  -35.226662175 | 131 |   2 |         dE3 |  20.3 |
| 53.5757357438 |  -35.793155978 | 132 |   2 |         dE2 |  18.5 |
| 53.5836926266 | -35.3606824491 | 133 |   1 |       dE0,N |  17.5 |
| 53.6225275372 | -35.5447248832 | 136 |   1 |       dE2,N |  14.8 |
| 53.6834461906 | -35.8599662108 | 137 |   1 |       dE0,N |  16.9 |
| 53.7348047837 | -35.1896043039 | 140 |   1 |       dE4,N |  19.0 |
| 53.7380401719 |  -35.205172675 | 141 |   2 |         dE4 |  19.7 |
| 53.7423263028 | -35.0410210448 | 142 |   1 |       dE2,N |  18.5 |
| 53.7506681804 |  -35.320778836 | 144 |   1 |         dE0 |  19.2 |
| 53.7724840386 |  -35.216974188 | 145 |   1 |         dE0 |  19.6 |
| 53.7976510891 | -35.3215182123 | 146 |   2 |       dE4,N |  19.5 |
| 53.8488057392 | -36.0900600434 | 149 |   2 |          dE |  19.9 |
| 53.8496620965 | -36.3622885814 | 150 |   1 |       dE4,N |  15.7 |
| 53.8553503361 | -36.1773088444 | 151 |   1 |      dE0,N? |  18.0 |
| 53.8766618032 | -35.2498823759 | 154 |   1 |         dE3 |  19.2 |
| 53.8909143506 | -34.8032668476 | 155 |   1 |         dE2 |  18.3 |
| 53.9277124766 | -35.3367500201 | 156 |   1 |         dE1 |  17.2 |
| 53.9279218588 |  -35.512586048 | 157 |   1 |      dE0,N? |  18.3 |
| 53.9425545382 |  -35.988204089 | 158 |   1 |       dE6,N |  16.8 |
| 53.9814319305 | -34.8263997268 | 159 |   1 |       dE3,N |  18.1 |
| 54.0163991974 | -35.3873761934 | 160 |   1 |       dE1,N |  17.7 |
| 54.0302724627 |  -35.432153345 | 162 |   1 |         dE0 |  20.0 |
| 54.0282567172 |  -35.841316499 | 163 |   1 |         dE0 |  19.8 |
| 54.0533418165 |  -36.165029612 | 164 |   1 |    dS0(5),N |  16.4 |
| 54.0977015922 | -35.9099232875 | 165 |   1 |         dE6 |  17.5 |
| 54.1155841579 | -35.2091526809 | 168 |   1 |         dE0 |  18.7 |
| 54.1296189189 | -34.8008701766 | 169 |   1 |         dE2 |  17.2 |
| 54.1557156148 | -35.3845900686 | 171 |   2 |      dE0,N? |  17.9 |
| 54.1778767867 | -35.4341221836 | 175 |   2 |         dE3 |  18.8 |
| 54.2047265958 | -36.2281253106 | 180 |   1 |         dS0 |  18.0 |
| 54.2211411016 | -34.9367870638 | 181 |   1 |       dE2,N |  17.2 |
| 54.2198008253 | -36.4848541227 | 183 |   1 |    dS0(7),N |  17.2 |
| 54.2610138568 | -34.8738877657 | 185 |   1 |         dE3 |  19.5 |
| 54.2696700131 | -34.6016967478 | 187 |   1 |         dE5 |  17.5 |
| 54.2688552436 | -35.5886485087 | 188 |   1 |       dE0,N |  16.1 |
|  54.283894833 | -34.7298096611 | 189 |   2 |       dE4,N |  18.8 |
| 54.2912693071 | -35.3854012442 | 191 |   2 |         dE3 |  19.3 |
| 54.2916062601 | -35.8867968926 | 192 |   2 |         dE0 |  19.6 |
| 54.3243431551 | -35.6972015642 | 194 |   2 |         dE3 |  18.2 |
| 54.3469477956 | -34.8986709454 | 195 |   1 |       dE5,N |  16.7 |
| 54.3909236435 | -35.8277432039 | 196 |   1 |         dE6 |  17.7 |
| 54.4202967451 | -35.2947977152 | 197 |   1 |         dE3 |  19.1 |
|  54.477628491 |  -34.880575064 | 200 |   1 |         dE2 |  17.4 |
| 54.5267290233 | -35.4382749438 | 202 |   1 |      d:E6,N |  15.3 |
| 54.5797201095 | -35.1273698533 | 207 |   1 |       dE2,N |  15.9 |
| 54.5777507607 | -35.5290330858 | 208 |   1 |       dE2,N |  17.3 |
| 54.5795243583 | -36.0643237488 | 210 |   1 |         dE0 |  18.7 |
| 54.5889256026 | -35.2582409857 | 211 |   2 |      d:E2,N |  16.3 |
| 54.6520281462 | -35.8323856867 | 214 |   1 |         dE0 |  19.0 |
| 54.6562331353 | -35.7554570328 | 215 |   2 |       dE,N? |  19.2 |
| 54.6886892815 | -35.2644689985 | 218 |   1 |         dE4 |  18.5 |
| 54.7291993844 | -35.2351846129 | 220 |   1 |         dE2 |  19.5 |
| 54.7735083682 | -36.0973140449 | 221 |   2 |       dE4,N |  17.7 |
| 54.8053294148 | -35.3696543556 | 222 |   1 |       dE0,N |  15.6 |
| 54.8310718571 | -35.7233714005 | 223 |   1 |       dE0,N |  16.2 |
| 54.9587670997 |  -35.021092648 | 226 |   1 |         dE? |  17.8 |
| 54.9586989854 | -35.5210978421 | 227 |   1 |      dE0,N? |  19.3 |
|  54.963640794 | -35.3205597112 | 228 |   1 |         dE0 |  18.8 |
| 54.9798983853 | -35.6609058069 | 229 |   1 |         dE0 |  19.1 |
| 55.0048253179 | -34.7565505169 | 230 |   1 |       dE5,N |  17.2 |
| 55.0408079794 | -35.8347608944 | 236 |   2 |         dE2 |  19.2 |
| 55.0710556404 | -36.5335001379 | 238 |   2 |       dE5,N |  18.7 |
| 55.0969858289 | -35.2744225479 | 241 |   1 |       dE0,N |  16.6 |
| 55.1120260909 | -36.4975516023 | 243 |   1 |       dE1,N |  16.5 |
| 55.1274647979 | -35.8762171473 | 244 |   2 | dE6 / ImIV? |  18.2 |
| 55.1404932978 | -35.0212595609 | 245 |   1 |       dE0,N |  16.0 |
|  55.156339445 | -36.1196681432 | 246 |   1 |         dE2 |  19.1 |
| 55.1757626705 | -35.6597403317 | 247 |   1 |   dE3 / Im? |  17.8 |
| 55.1803764048 | -35.8594831533 | 248 |   2 |         dE3 |  18.7 |
|  55.206193411 | -35.0220767181 | 251 |   1 |         dE0 |  19.0 |
|   55.20933511 |  -35.746819457 | 252 |   1 |       dE0,N |  16.0 |
| 55.2526193959 | -35.7406029713 | 254 |   1 |       dE0,N |  17.6 |
| 55.2652383976 | -34.9531445715 | 256 |   1 |         dE3 |  20.1 |
| 55.2664982378 | -35.6459350145 | 257 |   2 |      dE0,N? |  18.1 |
| 55.2791304789 | -35.6887636303 | 258 |   1 |         dE2 |  19.6 |
| 55.2806033554 | -35.5134897738 | 259 |   2 |         dE2 |  17.8 |
| 55.3027005902 | -35.1569072785 | 260 |   1 |       dE0,N |  17.0 |
| 55.3386911036 | -35.9470596362 | 262 |   1 |         dE1 |  17.8 |
| 55.3820367537 | -35.5877841545 | 264 |   1 |  dS0  (8),N |  16.8 |
| 55.4215639493 | -35.1687706627 | 266 |   1 |       dE0,N |  15.9 |
| 55.4886179599 | -35.2907065842 | 269 |   1 |         dE0 |  18.3 |
| 55.5455095837 | -35.4423246362 | 272 |   1 |          dE |  19.2 |
| 55.5715398906 | -35.5390965177 | 274 |   1 |       dE0,N |  16.5 |
| 55.5784865445 | -35.5594023184 | 275 |   1 |          dE |  19.3 |
| 55.6534315657 | -35.9544290254 | 280 |   1 |         dE1 |  18.6 |
| 55.6606224438 | -35.8664012728 | 281 |   1 |         dE1 |  17.9 |
| 55.8057953709 | -35.5172570911 | 287 |   2 |         dE0 |  18.0 |
