#Full version of Table 2 of Vanderbeke et al. 2015 (MNRAS, 450, 2692)

#Magnitudes are fully calibrated, reddening corrected
#Columns are:  ID, filt, SB0, SB0_err, rc (arcmin), rc_err, rh (arcmin), rh_err, model_mag0, aper_mag0, chisq, dof, fitted_SB0

     NGC2419    u         20.951          0.013          0.339          0.047          0.603          0.043         12.780         12.757          0.046   49    1
     NGC2419    g         19.788          0.004          0.361          0.002          1.153          0.003         10.910         10.988          0.759   52    1
     NGC2419    r         19.334          0.004          0.361          0.002          1.219          0.004         10.411         10.485          0.608   52    1
     NGC2419    i         19.104          0.004          0.369          0.002          1.194          0.004         10.166         10.233          0.781   52    1
     NGC2419    z         19.012          0.009          0.367          0.007          0.796          0.007         10.453         10.468          0.078   50    1
     NGC5024    u         18.891          0.004          0.453          0.004          0.849          0.007         10.113         10.111          0.056   42    1
     NGC5024    g         17.586          0.001          0.408          0.001          1.068          0.007          8.683          8.678          0.730   52    1
     NGC5024    r         17.100          0.002          0.376          0.001          1.102          0.008          8.264          8.260          1.227   53    1
     NGC5024    i         17.193          0.002          0.451          0.001          1.078          0.007          8.160          8.153          0.669   53    1
     NGC5024    z         16.671          0.003          0.387          0.002          0.915          0.007          7.972          7.964          0.590   50    1
     NGC5053    u         23.524          0.038          2.325          0.961          1.056          0.013         13.407         13.368          0.008   56    1
     NGC5053    g         22.433          0.009          2.649          0.312          2.343          0.029         10.907         10.876          0.246   56    1
     NGC5053    r         22.088          0.010          2.591          0.307          2.244          0.022         10.646         10.653          0.297   51    1
     NGC5053    i         21.875          0.009          2.789          0.288          2.409          0.049         10.274         10.238          0.359   56    1
     NGC5053    z         21.807          0.022          2.935          0.875          1.650          0.011         10.798         10.738          0.098   56    1
     NGC5272    u         17.829          0.003          0.413          0.002          1.667          0.011          8.478          8.486          0.091   53    1
     NGC5272    g         16.544          0.001          0.410          0.001          1.466          0.013          7.348          7.343          1.161   53    1
     NGC5272    r         16.263          0.001          0.438          0.001          1.362          0.011          7.042          7.036          0.654   50    1
     NGC5272    i         16.163          0.001          0.453          0.001          1.410          0.012          6.865          6.864          0.754   51    1
     NGC5272    z         15.550          0.002          0.400          0.001          1.357          0.015          6.438          6.428          0.557   52    1
     NGC5466    u         22.724          0.021          1.926          0.694          1.617          0.415         11.896         11.811          0.034   53    1
     NGC5466    g         21.648          0.005          2.603          0.227          2.112          0.018         10.344         10.278          1.183   44    1
     NGC5466    r         21.250          0.005          2.940          0.284          2.112          0.017          9.904          9.820          1.663   42    1
     NGC5466    z         20.964          0.013          3.691          0.671          1.914          0.015          9.709          9.697          0.307   41    1
     NGC5904    u         17.633          0.002          0.441          0.001          1.794          0.016          8.145          8.158          0.179   52    1
     NGC5904    g         16.487          0.001          0.452          0.001          2.102          0.022          6.874          6.872          0.955   52    1
     NGC5904    r         16.221          0.001          0.454          0.001          2.071          0.018          6.611          6.603          0.899   52    1
     NGC5904    i         15.795          0.001          0.471          0.001          1.560          0.010          6.364          6.372          0.993   52    1
     NGC5904    z         15.526          0.004          0.418          0.001          2.101          0.011          6.003          5.996          0.717   50    0
     NGC6205    u         18.072          0.002          0.698          0.002          2.777          0.017          7.593          7.587          0.092   54    1
     NGC6205    g         16.903          0.001          0.691          0.001          1.846          0.009          6.836          6.827          0.765   54    1
     NGC6205    r         16.708          0.001          0.710          0.001          2.129          0.012          6.473          6.462          0.459   54    1
     NGC6205    i         16.433          0.001          0.710          0.001          2.162          0.015          6.181          6.172          0.694   55    1
     NGC6205    z         16.100          0.002          0.716          0.002          1.574          0.011          6.155          6.150          0.520   49    1
     NGC6229    u         18.515          0.006          0.161          0.002          0.392          0.009         11.701         11.666          0.009   34    1
     NGC6229    g         17.154          0.002          0.156          0.001          0.420          0.004         10.323         10.302          0.176   35    1
     NGC6229    r         16.592          0.002          0.154          0.000          0.385          0.005          9.856          9.823          0.435   34    1
     NGC6229    i         16.448          0.002          0.150          0.000          0.447          0.004          9.603          9.594          0.152   43    1
     NGC6229    z         16.158          0.004          0.148          0.001          0.379          0.005          9.483          9.449          0.136   32    1
        Pal1    u         22.827          1.037          0.176          1.312          0.132          0.012         17.340         17.150          0.080   38    1
        Pal1    g         21.335          0.412          0.134          0.005          0.299          0.004         14.938         15.096          1.463   36    1
        Pal1    r         20.753          0.025          0.137          0.024          0.302          0.022         14.314         14.562          2.539   38    1
        Pal1    i         20.521          0.024          0.134          0.004          0.266          0.004         14.247         14.412          1.559   37    1
        Pal1    z         20.326          1.012          0.111          0.063          0.144          0.024         14.980         14.732          0.350   39    1
       Pal13    g         22.174          0.054          0.136          0.088          0.235          0.087         16.019         16.126          0.478   41    1
       Pal13    r         21.959          0.163          0.132          0.065          0.198          0.065         16.046         16.051          0.672   22    1
    Whiting1    u         24.496          0.381          0.298          0.217          0.099          0.003         19.442         19.390          0.004   54    1
    Whiting1    g         23.406          0.033          0.323          0.142          0.422          0.117         15.730         15.972          0.162   54    1
    Whiting1    r         23.079          0.036          0.436          0.205          0.502          0.202         14.934         15.344          0.236   55    1
    Whiting1    i         22.937          0.037          0.450          0.212          0.483          0.163         14.827         15.206          0.175   54    1
    Whiting1    z         22.915          0.671          0.593          1.473          0.099          0.003         17.818         17.830          0.021   54    1
     NGC6341    u         16.782          0.003          0.234          0.001          1.323          0.004          8.447          8.408          0.297   53    1
     NGC6341    g         15.902          0.001          0.249          0.000          1.569          0.015          7.381          7.348          1.109   52    1
     NGC6341    r         15.480          0.001          0.239          0.000          1.658          0.015          6.988          6.945          1.437   52    1
     NGC6341    i         15.791          0.001          0.315          0.000          1.272          0.009          7.066          7.045          0.555   53    1
     NGC6341    z         14.737          0.002          0.212          0.000          1.334          0.010          6.555          6.534          0.754   52    1
     NGC6535    u         19.463          0.020          0.197          0.029          0.362          0.027         12.431         12.603          0.063   54    1
     NGC6535    g         18.454          0.006          0.252          0.002          0.714          0.002         10.454         10.465          1.633   55    1
     NGC6535    r         18.214          0.005          0.288          0.002          0.915          0.004          9.829          9.770          3.215   54    1
     NGC6535    i         18.072          0.005          0.297          0.002          0.957          0.002          9.611          9.535          3.357   54    1
     NGC6535    z         18.001          0.010          0.345          0.005          0.873          0.005          9.424          9.382          1.654   55    1
     NGC6934    u         18.417          0.005          0.201          0.002          0.696          0.006         10.747         10.742          0.158   56    1
     NGC6934    g         17.136          0.002          0.204          0.000          1.128          0.005          9.107          9.125          0.966   57    1
     NGC6934    r         16.778          0.002          0.209          0.000          1.166          0.007          8.693          8.717          0.932   56    1
     NGC6934    i         16.625          0.002          0.219          0.000          1.176          0.004          8.462          8.488          1.028   56    1
     NGC6934    z         16.382          0.003          0.228          0.001          1.020          0.004          8.247          8.280          1.017   56    1
     NGC7006    u         19.462          0.010          0.160          0.019          0.292          0.018         12.973         12.937          0.018   17    1
     NGC7006    g         18.151          0.003          0.141          0.001          0.702          0.009         10.996         10.980          0.628   53    1
     NGC7006    r         17.619          0.003          0.138          0.001          0.699          0.013         10.499         10.471          0.569   53    1
     NGC7006    i         17.380          0.003          0.147          0.001          0.477          0.007         10.492         10.455          0.324   45    1
     NGC7006    z         17.223          0.007          0.136          0.002          0.499          0.010         10.354         10.294          0.223   53    1
     NGC7089    u         17.066          0.002          0.301          0.001          1.159          0.030          8.486          8.461          0.166   49    1
     NGC7089    g         15.879          0.001          0.312          0.000          1.005          0.007          7.363          7.332          0.922   52    1
     NGC7089    z         15.141          0.002          0.357          0.001          0.951          0.010          6.510          6.478          0.564   50    1
     NGC4147    u         19.141          0.013          0.124          0.003          0.355          0.007         12.672         12.615          0.026   51    1
     NGC4147    g         18.731          0.015          0.229          0.004          0.493          0.005         11.294         11.179          0.274   31    0
     NGC4147    r         18.453          0.013          0.252          0.004          0.483          0.005         10.938         10.793          0.419   29    0
     NGC4147    i         18.274          0.014          0.237          0.004          0.501          0.005         10.771         10.637          0.261   34    0
     NGC4147    z         18.393          0.027          0.346          0.060          0.445          0.058         10.729         10.480          0.140   17    0
        Pal4    u         25.030          2.249          0.776          0.470          0.099          0.003         19.927         19.862          0.012   53    1
        Pal4    g         23.600          0.024          0.489          0.186          0.555          0.163         15.227         15.141          0.049   52    1
        Pal4    r         23.095          0.022          0.609          0.219          0.708          0.203         14.208         14.192          0.141   53    1
        Pal4    i         22.783          0.025          0.873          0.238          0.972          0.145         13.178         13.320          0.150   53    1
        Pal4    z         22.740          0.588          0.852          4.707          0.363          0.010         14.899         14.835          0.041   54    1
     NGC7078    u         15.844          0.002          0.152          0.000          0.878          0.000          8.426          8.346          0.584   49    1
     NGC7078    g         15.290          0.001          0.216          0.000          1.536          0.014          7.006          6.963          0.917   55    1
     NGC7078    r         14.923          0.001          0.214          0.000          1.534          0.013          6.655          6.609          1.112   55    1
     NGC7078    i         15.120          0.001          0.262          0.000          1.384          0.011          6.605          6.578          0.682   56    1
     NGC7078    z         14.061          0.002          0.180          0.000          1.203          0.008          6.200          6.185          0.738   54    1
