# Name RA		Dec     Memb   Vmag   e         SuBrV         e      V-I     e
#      deg      deg     mag   mag  mag/arcsec2 mag/arcsec2    mag    mag     
# FCC222 54.8055 -35.3712 1.0 14.80 0.01 21.54 0.08 1.112 0.040
# FCC188 54.2695 -35.5901 1.0 15.60 0.01 21.84 0.05 1.102 0.024
# FCC211 54.5902 -35.2597 1.0 15.74 0.01 20.77 0.06 1.027 0.028
# FCC223 54.8318 -35.7244 1.0 15.89 0.02 22.77 0.07 0.997 0.032
# FCC241 55.0985 -35.2764 1.0 16.22 0.02 22.97 0.08 1.012 0.040
# FCC274 55.5721 -35.5408 1.0 16.31 0.01 22.34 0.08 0.887 0.040
# FCC156 53.9283 -35.3384 1.0 16.85 0.01 23.19 0.06 0.997 0.028
# FCC208 54.5787 -35.5308 1.0 17.23 0.02 23.02 0.14 1.012 0.069
# FCC196 54.3922 -35.829 1.0 17.30 0.02 22.91 0.08 0.992 0.040
# FCC160 54.0173 -35.3887 1.0 17.34 0.01 23.24 0.09 0.992 0.044
# FCC194 54.325 -35.6992 1.0 17.80 0.02 22.52 0.09 0.997 0.044
# FCC287 55.8067 -35.5187 1.0 17.89 0.02 22.93 0.16 0.897 0.077
# FCC269 55.4878 -35.2942 2.0 18.21 0.09 24.75 0.17 1.042 0.081
# FCC140 53.7358 -35.1908 1.0 18.25 0.02 23.75 0.09 0.947 0.044
# FCC218 54.6897 -35.2664 1.0 18.25 0.05 23.50 0.17 0.932 0.081
# FCC226 54.96 -35.0225 2.0 18.41 0.29 26.12 0.45 1.027 0.218
# FCC228 54.9645 -35.3224 2.0 18.69 0.08 24.51 0.54 1.007 0.263
# FCC229 54.9805 -35.6617 1.0 18.75 0.04 24.37 0.12 0.902 0.057
# FCC168 54.1169 -35.2107 1.0 18.78 0.05 23.66 0.16 0.917 0.077
# FCC157 53.9285 -35.5141 2.0 18.85 0.04 24.66 0.10 1.022 0.048
# FCC141 53.7379 -35.205 3.0 18.89 0.01 21.64 0.04 0.752 0.020
# FCC214 54.6527 -35.8342 1.0 18.91 0.04 23.30 0.20 0.932 0.097
# FCC197 54.4215 -35.2959 1.7 18.94 0.04 23.91 0.18 0.917 0.085
# FCC154 53.877 -35.2518 1.3 18.99 0.03 24.25 0.07 1.007 0.032
# FCC284 55.7298 -35.3437 1.7 19.07 0.08 24.62 0.39 0.722 0.190
# FCC145 53.7732 -35.2183 1.0 19.07 0.02 23.57 0.15 0.982 0.073
# IM4_2_LSB1 54.1793 -35.4355 1.0 19.12 0.06 24.14 0.23 0.942 0.109
# FCC215 54.6565 -35.7569 1.0 19.21 0.06 24.46 0.20 0.822 0.097
# FCC191 54.292 -35.3865 1.0 19.26 0.05 23.42 0.26 0.967 0.125
# FCC144 53.7512 -35.3227 1.0 19.26 0.04 24.05 0.14 0.937 0.069
# FCC220 54.7305 -35.2365 2.0 19.30 0.08 24.14 0.33 1.137 0.158
# IM7_2_LSB1 55.5467 -35.4429 2.0 19.45 0.11 25.17 0.28 0.972 0.137
# FCC275 55.5798 -35.561 2.0 19.61 0.09 24.69 0.15 0.747 0.073
WFLSB4_4 54.2493 -35.3438 2.0 19.63 0.09 25.08 0.18 0.882 0.089
# IM1_6_LSB2 53.5251 -35.2772 2.0 19.67 0.04 24.54 0.07 0.902 0.036
# FCC192 54.2931 -35.8881 1.0 19.70 0.08 24.33 0.39 1.007 0.190
IM1_2_5_LSB1 54.676 -35.5523 2.0 19.72 0.10 24.00 0.28 0.982 0.137
WFLSB6-4 53.9914 -35.3483 1.0 19.75 0.04 23.53 0.10 0.972 0.048
IM1_2_2_LSB1 54.8437 -35.5902 1.3 19.80 0.08 22.96 0.23 0.892 0.113
# FCC401 54.7403 -35.1844 2.0 19.84 0.14 25.25 0.32 0.742 0.154
WFLSB9-4 54.6551 -35.9174 1.0 19.92 0.04 23.49 0.27 0.857 0.129
WFLSB1-3 54.9234 -35.5315 2.0 19.99 0.06 24.71 0.13 0.807 0.065
WFLSB11-4 55.6053 -35.5948 2.0 20.03 0.16 24.73 0.25 0.907 0.121
WFLSB10-4 54.2644 -35.8006 2.7 20.08 0.09 23.77 0.26 1.002 0.125
IM1_1_7_LSB1 54.517 -35.2821 2.0 20.16 0.06 23.41 0.13 0.792 0.065
# IM1_6_LSB1 53.5515 -35.2283 2.0 20.17 0.05 24.22 0.17 0.907 0.081
WFLSB11-3 55.6378 -35.5324 3.0 20.21 0.25 25.96 0.06 0.772 0.070
WFLSB6-2 53.7406 -35.2233 1.0 20.21 0.04 24.30 0.20 0.842 0.097
WFLSB6-1 53.7752 -35.107 3.3 20.23 0.04 23.51 0.11 0.772 0.053
IM7_6_LSB1 55.3926 -35.4027 2.3 20.25 0.07 23.40 0.16 0.602 0.077
WFLSB10-7 54.4249 -35.9551 2.0 20.26 0.18 25.28 0.30 1.062 0.145
WFLSB6-6 53.9568 -35.1227 4.0 20.34 0.15 25.86 0.04 1.612 0.050
WFLSB2-1 54.4113 -35.3854 2.0 20.40 0.16 25.14 0.36 0.817 0.174
WFLSB10-6 54.3646 -35.9629 1.7 20.40 0.13 24.73 0.40 0.997 0.194
WFLSB10-8 54.5261 -36.0503 1.0 20.42 0.10 24.68 0.22 0.902 0.105
WFLSB1-6 54.9848 -35.6222 2.0 20.45 0.08 25.24 0.21 0.777 0.101
WFLSB11-2 55.6793 -35.5406 2.0 20.54 0.10 24.22 0.27 0.797 0.129
WFLSB5-1 53.7724 -35.4509 2.0 20.54 0.11 25.53 0.30 0.922 0.145
WFLSB4-3 54.275 -35.342 4.0 20.60 0.22 26.19 0.07 1.082 0.090
WFLSB1-5 55.0115 -35.4651 2.0 20.62 0.16 26.45 0.24 1.007 0.117
WFLSB1-2 54.8699 -35.5728 2.0 20.65 0.69 26.86 0.78 0.792 0.380
WFLSB2-6 54.2694 -35.6802 3.0 20.71 0.09 23.45 0.23 1.632 0.109
IM1_2_6_LSB1 54.6981 -35.7257 2.0 20.78 0.14 23.66 0.23 0.722 0.109
WFLSB11-8 55.7203 -35.5546 4.0 20.86 0.33 26.93 0.10 1.442 0.120
WFLSB2-7 54.4352 -35.7036 2.3 20.94 0.11 24.97 0.18 0.917 0.085
WFLSB3-4 55.0791 -35.138 4.0 20.98 0.20 26.46 0.11 0.632 0.130
WFLSB3-2 54.7799 -35.1229 1.7 21.00 0.12 24.45 0.26 0.982 0.125
WFLSB10-2 54.2263 -35.7462 2.0 21.02 0.14 24.99 0.27 0.932 0.129
WFLSB1-1 54.9938 -35.5566 2.7 21.02 0.07 23.31 0.11 0.722 0.053
WFLSB6-3 53.7432 -35.2583 3.0 21.07 0.05 23.33 0.09 0.632 0.044
WFLSB11-1 55.5743 -35.4719 2.3 21.15 0.14 24.13 0.26 0.717 0.125
WFLSB5-6 53.9477 -35.3616 1.3 21.26 0.08 24.41 0.18 0.932 0.085
WFLSB3-5 54.8731 -35.0797 2.0 21.33 0.18 25.27 0.31 0.747 0.150
WFLSB2-3 54.3155 -35.3574 2.0 21.45 0.26 25.61 0.25 1.007 0.121
WFLSB12-2 55.7586 -35.3277 2.0 21.45 0.30 26.55 0.33 0.492 0.158
WFLSB2-13 54.4633 -35.3626 4.0 21.48 0.18 25.81 0.03 0.862 0.040
WFLSB10-1 54.535 -36.0085 2.0 21.52 0.22 25.04 0.32 0.807 0.154
WFLSB9-5 54.6478 -35.9185 2.7 21.53 0.18 24.14 0.43 1.872 0.210
WFLSB1-9 54.6737 -35.3915 4.0 21.55 0.25 25.76 0.07 0.452 0.080
WFLSB6-8 54.0075 -35.3106 2.0 21.62 0.18 24.98 0.38 0.977 0.186
WFLSB1-7 54.9276 -35.7452 3.0 21.62 0.55 25.96 0.09 0.752 0.110
WFLSB4-6 54.5094 -35.2797 3.0 21.67 0.36 26.96 0.14 0.982 0.170
WFLSB7-3 55.1887 -35.502 4.0 21.89 0.39 25.96 0.07 1.082 0.080
WFLSB2-11 54.1695 -35.5894 3.0 21.89 0.66 26.93 0.38 -0.018 0.450
WFLSB12-3 55.7568 -35.2505 2.0 21.92 0.37 26.23 0.58 0.557 0.283
WFLSB2-10 54.4581 -35.5496 2.7 21.94 0.28 25.56 0.11 0.307 0.053
WFLSB1-4 54.9249 -35.4681 4.0 21.96 0.40 25.89 0.07 0.612 0.090
WFLSB2-9 54.5287 -35.5917 2.0 21.98 0.48 26.11 0.78 1.067 0.376
WFLSB9-6 54.7263 -35.9865 2.7 22.04 0.30 25.29 0.39 0.812 0.190
WFLSB11-7 55.6974 -35.3893 2.0 22.05 0.26 25.85 0.38 0.867 0.182
WFLSB10-5 54.2383 -35.8365 3.0 22.25 0.23 24.17 0.21 1.017 0.101
IM3_7_LSB1 54.1914 -35.9242 2.0 22.31 0.39 25.29 0.64 1.132 0.311
IM3_7_LSB2 54.2291 -35.9444 2.0 22.31 0.30 25.56 0.37 1.022 0.178
WFLSB6-7 53.9094 -35.0948 2.3 22.35 0.15 25.80 0.28 0.747 0.137
WFLSB10-9 54.5446 -35.8984 2.0 22.35 0.34 25.86 0.60 1.187 0.291
WFLSB7-4 55.4449 -35.5158 3.0 22.38 0.29 25.41 0.18 0.002 0.210
WFLSB2-12 54.3753 -35.3823 2.7 22.41 0.37 25.67 0.38 1.222 0.186
WFLSB1-11 54.8327 -35.537 4.0 22.42 0.55 25.73 0.07 1.012 0.080
IM3_3_LSB1 54.4468 -35.7456 2.0 22.60 0.37 25.36 0.40 1.542 0.194
WFLSB2-4 54.2889 -35.4463 2.7 22.78 0.38 24.76 0.39 1.277 0.190