	ID							RA						DEC					RAh RAm RAs		DECd DECm DECs
53_253306_35_609060              53.253453              -35.609608           03 33 00.83     -35 36 34.6                                                
53_285762_35_396929              53.285963              -35.396949           03 33 08.63     -35 23 49.0                                                
53_295176_35_665598              53.295536              -35.665602           03 33 10.93     -35 39 56.2                                                
53_315821_35_597663              53.316580              -35.597473           03 33 15.98     -35 35 50.9                                                
53_380874_35_448356              53.380874              -35.448333           03 33 31.41     -35 26 54.0                                                
53_387382_35_704210              53.387633              -35.704436           03 33 33.03     -35 42 16.0                                                
53_426233_35_167286              53.426508              -35.167066           03 33 42.36     -35 10 01.4                                                
53_430436_35_860049              53.429284              -35.860335           03 33 43.03     -35 51 37.2                                                
53_446177_35_068064              53.446502              -35.068547           03 33 47.16     -35 04 06.8                                                
53_451675_35_835922              53.451743              -35.836019           03 33 48.42     -35 50 09.7                                                
53_458109_35_951602              53.457808              -35.951715           03 33 49.87     -35 57 06.2                                                
53_484709_35_163650              53.484699              -35.163646           03 33 56.33     -35 09 49.1                                                
53_498904_35_758920              53.498979              -35.759240           03 33 59.75     -35 45 33.3                                                
53_524619_35_277499              53.524865              -35.277294           03 34 05.97     -35 16 38.3                                                
53_529150_35_477016              53.529061              -35.477220           03 34 06.97     -35 28 38.0                                                
53_530011_35_381264              53.530179              -35.381202           03 34 07.24     -35 22 52.3                                                
53_537977_35_516606              53.538247              -35.516529           03 34 09.18     -35 30 59.5                                                
53_550436_35_733282              53.550338              -35.733657           03 34 12.08     -35 44 01.2                                                
53_560168_35_819186              53.559525              -35.819460           03 34 14.29     -35 49 10.1                                                
53_576681_35_794560              53.576058              -35.794642           03 34 18.25     -35 47 40.7                                                
53_590354_35_563708              53.590659              -35.563703           03 34 21.76     -35 33 49.3                                                
53_597599_35_844980              53.597238              -35.844970           03 34 23.34     -35 50 41.9                                                
53_602807_35_967802              53.602888              -35.968020           03 34 24.69     -35 58 04.9                                                
53_612961_35_105400              53.613253              -35.105768           03 34 27.18     -35 06 20.8                                                
53_618460_35_810083              53.618306              -35.810364           03 34 28.39     -35 48 37.3                                                
53_618480_34_944905              53.618841              -34.944465           03 34 28.52     -34 56 40.1                                                
53_635799_35_044002              53.635630              -35.043195           03 34 32.55     -35 02 35.5                                                
53_651649_36_053778              53.651586              -36.054242           03 34 36.38     -36 03 15.3                                                
53_680782_35_521078              53.680791              -35.520855           03 34 43.39     -35 31 15.1                                                
53_692031_35_710561              53.692022              -35.710803           03 34 46.09     -35 42 38.9                                                
53_718145_35_984067              53.717955              -35.984151           03 34 52.31     -35 59 02.9                                                
53_732904_35_461180              53.732771              -35.461505           03 34 55.87     -35 27 41.4                                                
53_735537_35_687196              53.735651              -35.687366           03 34 56.56     -35 41 14.5                                                
53_739347_35_223394              53.739835              -35.223450           03 34 57.56     -35 13 24.4                                                
53_750431_35_322367              53.750845              -35.322295           03 35 00.20     -35 19 20.3                                                
53_772552_35_450631              53.772229              -35.450817           03 35 05.33     -35 27 02.9                                                
53_772834_35_218354              53.772831              -35.218592           03 35 05.48     -35 13 06.9                                                
53_799965_35_434004              53.799719              -35.434218           03 35 11.93     -35 26 03.2                                                
53_814924_35_503634              53.814204              -35.503450           03 35 15.41     -35 30 12.4                                                
53_849250_36_091686              53.849200              -36.091600           03 35 23.81     -36 05 29.8                                                
53_857468_36_185733              53.857306              -36.185438           03 35 25.75     -36 11 07.6                                                
53_876170_35_252134              53.876525              -35.252294           03 35 30.37     -35 15 08.3                                                
53_890849_34_804632              53.891461              -34.804781           03 35 33.95     -34 48 17.2                                                
53_908651_35_093882              53.908864              -35.094240           03 35 38.13     -35 05 39.3                                                
53_927737_35_338164              53.928093              -35.338458           03 35 42.74     -35 20 18.4                                                
53_929346_35_847075              53.929432              -35.847585           03 35 43.06     -35 50 51.3                                                
53_947079_35_361855              53.947250              -35.361778           03 35 47.34     -35 21 42.4                                                
53_956606_35_707844              53.956502              -35.708022           03 35 49.56     -35 42 28.9                                                
53_965783_34_921944              53.966222              -34.921440           03 35 51.89     -34 55 17.2                                                
53_982039_35_294604              53.982985              -35.294459           03 35 55.92     -35 17 40.1                                                
53_982479_34_828099              53.981764              -34.828508           03 35 55.62     -34 49 42.6                                                
53_988021_34_633059              53.987937              -34.632328           03 35 57.10     -34 37 56.4                                                
53_991062_35_348115              53.991060              -35.348000           03 35 57.85     -35 20 52.8                                                
54_000821_35_935951              54.000458              -35.936191           03 36 00.11     -35 56 10.3                                                
54_001093_34_877702              54.000817              -34.877802           03 36 00.20     -34 52 40.1                                                
54_004476_36_257775              54.004474              -36.257919           03 36 01.07     -36 15 28.5                                                
54_007253_35_311082              54.007345              -35.310717           03 36 01.76     -35 18 38.6                                                
54_010521_36_354278              54.010699              -36.354512           03 36 02.57     -36 21 16.2                                                
54_018987_36_335912              54.018900              -36.335900           03 36 04.54     -36 20 09.2                                                
54_027596_35_842648              54.027772              -35.842585           03 36 06.67     -35 50 33.3                                                
54_035132_35_987013              54.035091              -35.986927           03 36 08.42     -35 59 12.9                                                
54_039280_35_650737              54.039279              -35.650919           03 36 09.43     -35 39 03.3                                                
54_042297_35_671056              54.042107              -35.671438           03 36 10.11     -35 40 17.2                                                
54_046364_34_842403              54.046175              -34.842816           03 36 11.08     -34 50 34.1                                                
54_048306_35_059115              54.048388              -35.059246           03 36 11.61     -35 03 33.3                                                
54_051180_35_745818              54.050916              -35.746384           03 36 12.22     -35 44 47.0                                                
54_083131_34_594537              54.083365              -34.594147           03 36 20.01     -34 35 38.9                                                
54_098793_35_522925              54.098615              -35.522680           03 36 23.67     -35 31 21.6                                                
54_099840_35_878367              54.099567              -35.878437           03 36 23.90     -35 52 42.4                                                
54_103852_34_746296              54.104510              -34.746349           03 36 25.08     -34 44 46.9                                                
54_105148_35_703007              54.104877              -35.703291           03 36 25.17     -35 42 11.8                                                
54_110446_35_639622              54.110988              -35.639164           03 36 26.64     -35 38 21.0                                                
54_129086_34_799262              54.128380              -34.798487           03 36 30.81     -34 47 54.6                                                
54_130365_36_379736              54.130173              -36.380022           03 36 31.24     -36 22 48.1                                                
54_135555_36_134285              54.135644              -36.134365           03 36 32.55     -36 08 03.7                                                
54_160916_35_611454              54.160631              -35.611326           03 36 38.55     -35 36 40.8                                                
54_168662_35_588616              54.169379              -35.588968           03 36 40.65     -35 35 20.3                                                
54_174061_34_710967              54.174171              -34.711461           03 36 41.80     -34 42 41.3                                                
54_179343_35_435764              54.179157              -35.435803           03 36 43.00     -35 26 08.9                                                
54_182920_36_061547              54.182443              -36.062021           03 36 43.79     -36 03 43.3                                                
54_191855_35_923963              54.191307              -35.924264           03 36 45.91     -35 55 27.4                                                
54_205317_36_230112              54.204847              -36.229999           03 36 49.16     -36 13 48.0                                                
54_207702_34_948430              54.208147              -34.948504           03 36 49.96     -34 56 54.6                                                
54_217901_36_144548              54.217835              -36.144507           03 36 52.28     -36 08 40.2                                                
54_225304_35_927857              54.225296              -35.928023           03 36 54.07     -35 55 40.9                                                
54_226584_35_746638              54.226572              -35.747144           03 36 54.38     -35 44 49.7                                                
54_229175_36_353167              54.228827              -36.353391           03 36 54.92     -36 21 12.2                                                
54_229207_35_944156              54.229109              -35.944392           03 36 54.99     -35 56 39.8                                                
54_260718_34_875750              54.261056              -34.875774           03 37 02.65     -34 52 32.8                                                
54_303837_36_257890              54.303830              -36.257890           03 37 12.92     -36 15 28.4                                                
54_312696_34_701092              54.312749              -34.701412           03 37 15.06     -34 42 05.1                                                
54_315217_35_357873              54.315355              -35.358242           03 37 15.69     -35 21 29.7                                                
54_316117_35_783222              54.315665              -35.783657           03 37 15.76     -35 47 01.2                                                
54_332503_35_521675              54.332849              -35.521601           03 37 19.88     -35 31 17.8                                                
54_346927_34_900539              54.346543              -34.900292           03 37 23.17     -34 54 01.1                                                
54_393361_34_566559              54.393832              -34.566501           03 37 34.52     -34 33 59.4                                                
54_403239_34_741404              54.403584              -34.741585           03 37 36.86     -34 44 29.7                                                
54_410467_35_385560              54.410400              -35.385500           03 37 38.50     -35 23 07.8                                                
54_421274_35_296164              54.421200              -35.296146           03 37 41.09     -35 17 46.1                                                
54_421549_36_173427              54.420634              -36.173910           03 37 40.95     -36 10 26.1                                                
54_424704_35_955186              54.424789              -35.955757           03 37 41.95     -35 57 20.7                                                
54_435270_35_703485              54.435199              -35.703984           03 37 44.45     -35 42 14.3                                                
54_457849_35_550253              54.457799              -35.550438           03 37 49.87     -35 33 01.6                                                
54_461294_35_362599              54.462119              -35.362881           03 37 50.91     -35 21 46.4                                                
54_477239_34_882137              54.477823              -34.882293           03 37 54.68     -34 52 56.3                                                
54_526099_36_050424              54.526090              -36.050146           03 38 06.26     -36 03 00.5                                                
54_527956_35_592435              54.527900              -35.592000           03 38 06.70     -35 35 31.2                                                
54_531334_36_071826              54.531330              -36.072092           03 38 07.52     -36 04 19.5                                                
54_535323_36_008573              54.535271              -36.008354           03 38 08.47     -36 00 30.1                                                
54_536126_35_165484              54.535921              -35.165108           03 38 08.62     -35 09 54.4                                                
54_546496_36_337462              54.545856              -36.337657           03 38 11.01     -36 20 15.6                                                
54_561855_35_123046              54.562036              -35.122848           03 38 14.89     -35 07 22.3                                                
54_564169_36_280861              54.564160              -36.281169           03 38 15.40     -36 16 52.2                                                
54_575035_34_674522              54.575622              -34.674438           03 38 18.15     -34 40 28.0                                                
54_580221_36_065543              54.580131              -36.065719           03 38 19.23     -36 03 56.6                                                
54_593458_34_927071              54.593667              -34.926927           03 38 22.48     -34 55 36.9                                                
54_595687_35_759487              54.595511              -35.760315           03 38 22.92     -35 45 37.1                                                
54_603719_36_071817              54.603971              -36.071598           03 38 24.95     -36 04 17.8                                                
54_606718_36_095700              54.606718              -36.095700           03 38 25.61     -36 05 44.5                                                
54_613138_35_152030              54.613447              -35.152073           03 38 27.23     -35 09 07.5                                                
54_631350_34_774261              54.631123              -34.774638           03 38 31.47     -34 46 28.7                                                
54_652490_35_833886              54.652580              -35.833946           03 38 36.62     -35 50 02.2                                                
54_675841_35_552272              54.675859              -35.552130           03 38 42.21     -35 33 07.7                                                
54_695749_34_986740              54.695702              -34.986876           03 38 46.97     -34 59 12.8                                                
54_716883_36_301271              54.716789              -36.301054           03 38 52.03     -36 18 03.8                                                
54_726073_35_986390              54.725820              -35.986665           03 38 54.20     -35 59 12.0                                                
54_729106_35_237086              54.729368              -35.237000           03 38 55.05     -35 14 13.2                                                
54_740342_35_184769              54.739897              -35.184658           03 38 57.58     -35 11 04.8                                                
54_745879_35_740786              54.745801              -35.741138           03 38 58.99     -35 44 28.1                                                
54_753410_36_338243              54.753401              -36.338584           03 39 00.82     -36 20 18.9                                                
54_779224_35_122908              54.779490              -35.122876           03 39 07.08     -35 07 22.4                                                
54_816794_35_005674              54.816614              -35.005877           03 39 15.99     -35 00 21.2                                                
54_821872_35_778770              54.822072              -35.779284           03 39 17.30     -35 46 45.4                                                
54_843603_35_589896              54.843638              -35.590022           03 39 22.47     -35 35 24.1                                                
54_870302_35_572444              54.870451              -35.572583           03 39 28.91     -35 34 21.3                                                
54_884701_36_099635              54.884181              -36.099673           03 39 32.20     -36 05 58.8                                                
54_923278_35_531898              54.923359              -35.531899           03 39 41.61     -35 31 54.8                                                
54_924511_35_468637              54.924988              -35.468362           03 39 42.00     -35 28 06.1                                                
54_942374_36_191563              54.942303              -36.191657           03 39 46.15     -36 11 30.0                                                
54_950673_36_186131              54.950765              -36.186495           03 39 48.18     -36 11 11.4                                                
54_950837_34_773710              54.950856              -34.773438           03 39 48.21     -34 46 24.4                                                
54_959116_35_023323              54.959189              -35.023227           03 39 50.21     -35 01 23.6                                                
54_963258_36_012110              54.963183              -36.012438           03 39 51.16     -36 00 44.8                                                
54_964300_35_322490              54.964090              -35.322073           03 39 51.38     -35 19 19.5                                                
54_968992_36_141662              54.969000              -36.141946           03 39 52.56     -36 08 31.0                                                
54_977017_34_696208              54.977090              -34.696146           03 39 54.50     -34 41 46.1                                                
55_001372_36_093632              55.001275              -36.093656           03 40 00.31     -36 05 37.2                                                
55_007334_35_491729              55.007240              -35.491627           03 40 01.74     -35 29 29.9                                                
55_012880_35_488859              55.013060              -35.488945           03 40 03.13     -35 29 20.2                                                
55_012927_35_465776              55.012990              -35.465073           03 40 03.12     -35 27 54.3                                                
55_013045_36_361481              55.013096              -36.361876           03 40 03.14     -36 21 42.8                                                
55_018537_35_072778              55.018715              -35.072696           03 40 04.49     -35 04 21.7                                                
55_020824_34_652231              55.021332              -34.652052           03 40 05.12     -34 39 07.4                                                
55_025435_36_233845              55.025400              -36.233800           03 40 06.10     -36 14 01.7                                                
55_028498_34_598234              55.028801              -34.598362           03 40 06.91     -34 35 54.1                                                
55_051650_35_289438              55.052046              -35.288779           03 40 12.49     -35 17 19.6                                                
55_060339_36_268759              55.060488              -36.269022           03 40 14.52     -36 16 08.5                                                
55_075443_36_058640              55.075265              -36.058877           03 40 18.06     -36 03 32.0                                                
55_077814_35_130239              55.077401              -35.137506           03 40 18.58     -35 08 15.0                                                
55_077823_34_542607              55.078331              -34.542452           03 40 18.80     -34 32 32.8                                                
55_109358_35_003593              55.109478              -35.003499           03 40 26.27     -35 00 12.6                                                
55_111349_35_420001              55.111179              -35.419999           03 40 26.68     -35 25 12.0                                                
55_118091_34_786489              55.118089              -34.786073           03 40 28.34     -34 47 09.9                                                
55_140321_35_888154              55.140092              -35.888292           03 40 33.62     -35 53 17.9                                                
55_153262_35_355448              55.153440              -35.355145           03 40 36.83     -35 21 18.5                                                
55_169040_34_948892              55.168829              -34.948950           03 40 40.52     -34 56 56.2                                                
55_176859_35_660731              55.176865              -35.661430           03 40 42.45     -35 39 41.1                                                
55_180676_35_860706              55.180586              -35.860774           03 40 43.34     -35 51 38.8                                                
55_181396_35_540110              55.181661              -35.539524           03 40 43.60     -35 32 22.3                                                
55_188906_35_502452              55.188900              -35.502000           03 40 45.34     -35 30 07.2                                                
55_206726_35_388188              55.206793              -35.388438           03 40 49.63     -35 23 18.4                                                
55_207789_35_024212              55.207520              -35.023855           03 40 49.80     -35 01 25.9                                                
55_220155_35_117344              55.220374              -35.117729           03 40 52.89     -35 07 03.8                                                
55_236284_34_713511              55.236268              -34.713218           03 40 56.70     -34 42 47.6                                                
55_242254_36_332996              55.242253              -36.332917           03 40 58.14     -36 19 58.5                                                
55_266215_34_954278              55.266001              -34.954146           03 41 03.84     -34 57 14.9                                                
55_266820_35_647450              55.266536              -35.647586           03 41 03.97     -35 38 51.3                                                
55_276063_35_606052              55.276093              -35.606365           03 41 06.26     -35 36 22.9                                                
55_278893_35_690328              55.278800              -35.690300           03 41 06.91     -35 41 25.1                                                
55_299877_36_069068              55.299609              -36.069294           03 41 11.91     -36 04 09.5                                                
55_311066_35_450691              55.311188              -35.450948           03 41 14.69     -35 27 03.4                                                
55_322646_35_648422              55.322093              -35.648292           03 41 17.30     -35 38 53.9                                                
55_338897_35_948670              55.339077              -35.948656           03 41 21.38     -35 56 55.2                                                
55_344247_35_005799              55.344006              -35.005584           03 41 22.56     -35 00 20.1                                                
55_345325_35_896403              55.345187              -35.896656           03 41 22.84     -35 53 48.0                                                
55_348414_35_763080              55.348314              -35.763366           03 41 23.60     -35 45 48.1                                                
55_349506_36_080363              55.349458              -36.080581           03 41 23.87     -36 04 50.1                                                
55_359847_35_379888              55.359895              -35.379584           03 41 26.37     -35 22 46.5                                                
55_361720_34_916506              55.362062              -34.916582           03 41 26.89     -34 54 59.7                                                
55_366067_35_719940              55.366334              -35.720336           03 41 27.92     -35 43 13.2                                                
55_418945_35_352528              55.419261              -35.352290           03 41 40.62     -35 21 08.2                                                
55_443408_35_515530              55.443722              -35.515360           03 41 46.49     -35 30 55.3                                                
55_458440_35_535578              55.458626              -35.535276           03 41 50.07     -35 32 07.0                                                
55_472199_34_880448              55.472189              -34.880948           03 41 53.33     -34 52 51.4                                                
55_485620_35_889118              55.485605              -35.889438           03 41 56.55     -35 53 22.0                                                
55_488897_35_292186              55.488894              -35.292364           03 41 57.33     -35 17 32.5                                                
55_546602_35_443437              55.546540              -35.443142           03 42 11.17     -35 26 35.3                                                
55_579929_35_560831              55.579554              -35.561026           03 42 19.09     -35 33 39.7                                                
55_637543_35_532572              55.637498              -35.531854           03 42 33.00     -35 31 54.7                                                
55_646764_35_984759              55.646015              -35.985095           03 42 35.04     -35 59 06.3                                                
55_653675_35_955773              55.653783              -35.955917           03 42 36.91     -35 57 21.3                                                
55_660488_35_868209              55.660661              -35.868071           03 42 38.56     -35 52 05.1                                                
55_661116_35_764121              55.661102              -35.764146           03 42 38.66     -35 45 50.9                                                
55_678760_35_540669              55.678970              -35.540671           03 42 42.95     -35 32 26.4                                                
55_696985_35_390032              55.696985              -35.389707           03 42 47.28     -35 23 22.9                                                
55_751891_35_635505              55.751894              -35.635791           03 43 00.45     -35 38 08.8                                                
55_806324_35_519402              55.806295              -35.519108           03 43 13.51     -35 31 08.8                                                
55_897924_35_674068              55.897636              -35.674368           03 43 35.43     -35 40 27.7                     