				ID												RA											DEC								RAh	RAm	RAs			DECd	DECm	DECs							mag									mag_err				reff								reff_err					sersic_n				sersic_n_error			elon				elon_err					PA							PA_err								flag
53_253306_35_609060              53.253453              -35.609608           03 33 00.83     -35 36 34.6                    17.70              0.00           20.52              0.03              0.89              0.00              0.58              0.00       22.02           0.13                    new                                                          
53_285762_35_396929              53.285963              -35.396949           03 33 08.63     -35 23 49.0                    19.18              0.01           26.95              0.32              0.81              0.01              0.57              0.00      -82.36           0.62                    old                                                          
53_295176_35_665598              53.295536              -35.665602           03 33 10.93     -35 39 56.2                    20.56              0.00           34.03              1.21              0.63              0.05              0.76              0.03      -54.72           6.11                    new                                                          
53_315821_35_597663              53.316580              -35.597473           03 33 15.98     -35 35 50.9                    21.00              0.02            9.71              0.23              0.69              0.03              0.81              0.01      -23.04           3.84                    old                                                          
53_380874_35_448356              53.380874              -35.448333           03 33 31.41     -35 26 54.0                    22.74              0.05            9.23              0.62              0.47              0.10              0.50              0.03      -69.91           3.77                    new                                                          
53_387382_35_704210              53.387633              -35.704436           03 33 33.03     -35 42 16.0                    20.47              0.00           13.00              0.41              0.67              0.05              0.82              0.04      -23.30           7.43                    new                                                          
53_426233_35_167286              53.426508              -35.167066           03 33 42.36     -35 10 01.4                    22.02              0.06            6.72              0.54              1.01              0.12              0.75              0.05      -50.41           8.69                    new                                                          
53_430436_35_860049              53.429284              -35.860335           03 33 43.03     -35 51 37.2                    16.38              0.00          106.51              0.37              0.60              0.00              0.47              0.00       49.68           0.15                    old                                                          
53_446177_35_068064              53.446502              -35.068547           03 33 47.16     -35 04 06.8                    21.22              0.00            7.49              0.18              0.78              0.05              0.89              0.03        8.35           0.00                    new                                                          
53_451675_35_835922              53.451743              -35.836019           03 33 48.42     -35 50 09.7                    18.15              0.00           34.53              0.21              0.71              0.01              0.85              0.00      -39.43           1.26                    old                                                          
53_458109_35_951602              53.457808              -35.951715           03 33 49.87     -35 57 06.2                    21.42              0.03           16.77              0.65              0.45              0.05              0.61              0.02      -65.61           2.97                    old                                                          
53_484709_35_163650              53.484699              -35.163646           03 33 56.33     -35 09 49.1                    22.03              0.00            5.82              0.22              1.23              0.10              0.81              0.04      -53.01           8.24                    new                                                          
53_498904_35_758920              53.498979              -35.759240           03 33 59.75     -35 45 33.3                    18.81              0.01           21.70              0.21              0.87              0.01              0.76              0.00       21.42           0.90                    old                                                          
53_524619_35_277499              53.524865              -35.277294           03 34 05.97     -35 16 38.3                    19.12              0.00           23.87              0.24              0.82              0.02              0.77              0.01       72.38           1.28                    new                                                          
53_529150_35_477016              53.529061              -35.477220           03 34 06.97     -35 28 38.0                    21.14              0.05           24.02              1.73              0.82              0.08              0.87              0.04       -7.47          15.64                    old                                                          
53_530011_35_381264              53.530179              -35.381202           03 34 07.24     -35 22 52.3                    22.51              0.00           13.75              0.00              0.13              0.07              0.48              0.00       81.19           3.47                    new                                                          
53_537977_35_516606              53.538247              -35.516529           03 34 09.18     -35 30 59.5                    17.89              0.01           70.08              0.68              0.80              0.00              0.83              0.01      -44.88           1.76                    old                                                          
53_550436_35_733282              53.550338              -35.733657           03 34 12.08     -35 44 01.2                    21.79              0.00            7.59              0.20              0.46              0.04              0.78              0.03       19.03           4.94                    new                                                          
53_560168_35_819186              53.559525              -35.819460           03 34 14.29     -35 49 10.1                    20.30              0.02           24.44              0.54              0.39              0.02              0.83              0.02        1.68           4.78                    old                                                          
53_576681_35_794560              53.576058              -35.794642           03 34 18.25     -35 47 40.7                    17.51              0.00           22.41              0.05              0.93              0.00              0.67              0.00      -83.02           0.17                    old                                                          
53_590354_35_563708              53.590659              -35.563703           03 34 21.76     -35 33 49.3                    22.10              0.00            4.47              0.17              0.50              0.08              0.93              0.05      -34.71          26.32                    new                                                          
53_597599_35_844980              53.597238              -35.844970           03 34 23.34     -35 50 41.9                    19.69              0.00           32.68              0.62              0.73              0.03              0.79              0.02      -81.82           3.63                    new                                                          
53_602807_35_967802              53.602888              -35.968020           03 34 24.69     -35 58 04.9                    20.94              0.03           11.72              0.50              1.46              0.06              0.56              0.01      -79.59           1.72                    new                                                          
53_612961_35_105400              53.613253              -35.105768           03 34 27.18     -35 06 20.8                    21.06              0.00           17.97              0.56              0.95              0.06              0.58              0.02       25.70           2.49                    new                                                          
53_618460_35_810083              53.618306              -35.810364           03 34 28.39     -35 48 37.3                    20.28              0.01            8.38              0.11              1.03              0.02              0.69              0.01       45.91           1.08                    old                                                          
53_618480_34_944905              53.618841              -34.944465           03 34 28.52     -34 56 40.1                    22.63              0.00           13.22              1.68              0.74              0.23              0.56              0.09       23.34           9.70                    new                                                          
53_635799_35_044002              53.635630              -35.043195           03 34 32.55     -35 02 35.5                    20.89              0.00           19.21              0.69              0.78              0.06              0.64              0.03      -79.92           3.54                    new                                                          
53_651649_36_053778              53.651586              -36.054242           03 34 36.38     -36 03 15.3                    21.07              0.00           22.08              0.85              0.62              0.06              0.49              0.03      -12.42           2.23                    new                                                          
53_680782_35_521078              53.680791              -35.520855           03 34 43.39     -35 31 15.1                    20.96              0.03           14.53              0.61              0.74              0.05              0.91              0.02      -80.62          14.32                    old                                                          
53_692031_35_710561              53.692022              -35.710803           03 34 46.09     -35 42 38.9                    20.93              0.00           24.82              1.01              0.43              0.06              0.65              0.04      -13.51           6.06                    new                                                          
53_718145_35_984067              53.717955              -35.984151           03 34 52.31     -35 59 02.9                    22.66              0.00            3.70              0.18              0.73              0.14              0.88              0.06      -16.13          18.86                    new                                                          
53_732904_35_461180              53.732771              -35.461505           03 34 55.87     -35 27 41.4                    22.45              0.00            8.43              0.36              0.59              0.09              0.44              0.03       31.42           2.45                    new                                                          
53_735537_35_687196              53.735651              -35.687366           03 34 56.56     -35 41 14.5                    21.53              0.00           11.92              0.45              0.73              0.07              0.70              0.03       82.80           4.87                    new                                                          
53_739347_35_223394              53.739835              -35.223450           03 34 57.56     -35 13 24.4                    19.23              0.01           21.53              0.30              1.00              0.02              0.71              0.01       41.32           1.16                    old                                                          
53_750431_35_322367              53.750845              -35.322295           03 35 00.20     -35 19 20.3                    18.75              0.00           22.99              0.18              0.81              0.01              0.77              0.00       56.14           0.96                    old                                                          
53_772552_35_450631              53.772229              -35.450817           03 35 05.33     -35 27 02.9                    20.01              0.02           32.59              0.80              0.77              0.03              0.55              0.01       83.71           1.22                    old                                                          
53_772834_35_218354              53.772831              -35.218592           03 35 05.48     -35 13 06.9                    18.42              0.00           19.63              0.13              0.77              0.01              0.73              0.01       -5.82           0.93                    new                                                          
53_799965_35_434004              53.799719              -35.434218           03 35 11.93     -35 26 03.2                    21.27              0.00           15.50              0.62              1.35              0.08              0.63              0.03       89.51           3.44                    new                                                          
53_814924_35_503634              53.814204              -35.503450           03 35 15.41     -35 30 12.4                    22.38              0.00           19.71              0.82              0.08              0.06              0.35              0.02       66.35           1.74                    new                                                          
53_849250_36_091686              53.849200              -36.091600           03 35 23.81     -36 05 29.8                    19.40              0.01           23.87              0.25              0.68              0.01              0.65              0.00      -18.34           0.80                    old                                                          
53_876170_35_252134              53.876525              -35.252294           03 35 30.37     -35 15 08.3                    18.39              0.01           42.52              0.35              0.87              0.01              0.48              0.00       48.06           0.31                    old                                                          
53_890849_34_804632              53.891461              -34.804781           03 35 33.95     -34 48 17.2                    17.60              0.00           29.40              0.08              0.70              0.00              0.68              0.00       20.44           0.22                    old                                                          
53_908651_35_093882              53.908864              -35.094240           03 35 38.13     -35 05 39.3                    21.99              0.03            7.86              0.39              0.69              0.08              0.83              0.03      -56.31           9.35                    old                                                          
53_927737_35_338164              53.928093              -35.338458           03 35 42.74     -35 20 18.4                    16.58              0.00           48.22              0.11              0.89              0.00              0.71              0.00      -12.51           0.18                    new                                                          
53_929346_35_847075              53.929432              -35.847585           03 35 43.06     -35 50 51.3                    20.09              0.00           20.91              0.39              0.64              0.03              0.81              0.02        4.68           3.89                    new                                                          
53_947079_35_361855              53.947250              -35.361778           03 35 47.34     -35 21 42.4                    20.87              0.00           14.53              0.34              1.06              0.05              0.54              0.02       48.30           1.64                    new                                                          
53_956606_35_707844              53.956502              -35.708022           03 35 49.56     -35 42 28.9                    22.29              0.00            4.14              0.24              1.20              0.20              0.83              0.07      -24.16          15.28                    new                                                          
53_965783_34_921944              53.966222              -34.921440           03 35 51.89     -34 55 17.2                    21.92              0.00            6.21              0.26              0.91              0.10              0.90              0.05      -80.01          17.67                    new                                                          
53_982479_34_828099              53.981764              -34.828508           03 35 55.62     -34 49 42.6                    17.55              0.00           51.88              0.23              0.75              0.00              0.50              0.00       79.21           0.18                    old                                                          
53_988021_34_633059              53.987937              -34.632328           03 35 57.10     -34 37 56.4                    18.68              0.01           23.53              0.34              1.01              0.02              0.49              0.01      -16.57           0.65                    old                                                          
53_991062_35_348115              53.991060              -35.348000           03 35 57.85     -35 20 52.8                    19.30              0.01           16.03              0.12              0.72              0.01              0.64              0.00       87.71           0.54                    old                                                          
54_000821_35_935951              54.000458              -35.936191           03 36 00.11     -35 56 10.3                    21.52              0.00           13.95              0.47              0.39              0.05              0.93              0.04      -45.96          23.10                    new                                                          
54_001093_34_877702              54.000817              -34.877802           03 36 00.20     -34 52 40.1                    19.44              0.00           29.05              0.42              0.70              0.02              0.77              0.01       -8.19           2.69                    new                                                          
54_004476_36_257775              54.004474              -36.257919           03 36 01.07     -36 15 28.5                    20.34              0.01           13.97              0.25              0.72              0.02              0.77              0.01       24.77           2.21                    old                                                          
54_007253_35_311082              54.007345              -35.310717           03 36 01.76     -35 18 38.6                    20.97              0.02           10.93              0.29              0.84              0.04              0.77              0.01       85.01           3.16                    old                                                          
54_010521_36_354278              54.010699              -36.354512           03 36 02.57     -36 21 16.2                    21.52              0.00           11.77              0.53              1.26              0.11              0.61              0.03       51.97           4.00                    new                                                          
54_018987_36_335912              54.018900              -36.335900           03 36 04.54     -36 20 09.2                    20.05              0.02           27.23              0.68              0.67              0.03              0.69              0.01       24.93           2.24                    old                                                          
54_027596_35_842648              54.027772              -35.842585           03 36 06.67     -35 50 33.3                    18.61              0.01           46.12              0.45              0.60              0.01              0.65              0.00       88.23           0.83                    old                                                          
54_035132_35_987013              54.035091              -35.986927           03 36 08.42     -35 59 12.9                    21.07              0.03           15.25              0.64              1.28              0.06              0.39              0.01       75.44           1.01                    old                                                          
54_039280_35_650737              54.039279              -35.650919           03 36 09.43     -35 39 03.3                    21.05              0.00            7.30              0.11              0.87              0.04              0.78              0.02       70.99           2.99                    new                                                          
54_042297_35_671056              54.042107              -35.671438           03 36 10.11     -35 40 17.2                    21.03              0.03           19.27              0.89              0.75              0.05              0.77              0.02       -0.88           5.71                    old                                                          
54_048306_35_059115              54.048388              -35.059246           03 36 11.61     -35 03 33.3                    21.39              0.00            6.25              0.19              1.06              0.08              0.95              0.04      -38.33          25.36                    new                                                          
54_051180_35_745818              54.050916              -35.746384           03 36 12.22     -35 44 47.0                    21.36              0.00           12.86              0.30              0.63              0.04              0.51              0.02       88.22           1.57                    new                                                          
54_083131_34_594537              54.083365              -34.594147           03 36 20.01     -34 35 38.9                    21.67              0.00           16.98              0.64              0.41              0.05              0.54              0.03      -68.64           2.73                    new                                                          
54_098793_35_522925              54.098615              -35.522680           03 36 23.67     -35 31 21.6                    22.55              0.00            6.24              0.31              0.46              0.10              0.77              0.05      -16.76           9.01                    new                                                          
54_099840_35_878367              54.099567              -35.878437           03 36 23.90     -35 52 42.4                    20.60              0.00            7.28              0.11              1.10              0.04              0.75              0.01       86.15           2.41                    new                                                          
54_103852_34_746296              54.104510              -34.746349           03 36 25.08     -34 44 46.9                    21.97              0.00            6.98              0.29              0.82              0.09              0.84              0.05      -13.21          11.44                    new                                                          
54_105148_35_703007              54.104877              -35.703291           03 36 25.17     -35 42 11.8                    19.55              0.00           24.25              0.28              0.86              0.02              0.55              0.01      -75.82           0.83                    new                                                          
54_110446_35_639622              54.110988              -35.639164           03 36 26.64     -35 38 21.0                    22.16              0.00            8.91              0.43              0.61              0.08              0.99              0.07       17.13         161.25                    new                                                          
54_130365_36_379736              54.130173              -36.380022           03 36 31.24     -36 22 48.1                    21.96              0.00            5.56              0.27              1.60              0.18              0.64              0.04       10.46           5.35                    new                                                          
54_135555_36_134285              54.135644              -36.134365           03 36 32.55     -36 08 03.7                    21.65              0.02            6.34              0.18              0.69              0.05              0.77              0.02      -38.64           4.04                    old                                                          
54_160916_35_611454              54.160631              -35.611326           03 36 38.55     -35 36 40.8                    20.39              0.02           23.19              0.83              0.86              0.04              0.82              0.02        1.40           5.37                    old                                                          
54_174061_34_710967              54.174171              -34.711461           03 36 41.80     -34 42 41.3                    19.90              0.00           19.46              0.31              0.87              0.03              0.58              0.01       -4.18           1.24                    new                                                          
54_182920_36_061547              54.182443              -36.062021           03 36 43.79     -36 03 43.3                    22.93              0.00            7.02              0.73              1.70              0.37              0.60              0.08      -74.16           9.80                    new                                                          
54_191855_35_923963              54.191307              -35.924264           03 36 45.91     -35 55 27.4                    21.86              0.00            8.48              0.30              0.57              0.06              0.78              0.04       33.67           6.87                    new                                                          
54_205317_36_230112              54.204847              -36.229999           03 36 49.16     -36 13 48.0                    17.04              0.00           57.53              0.19              1.03              0.01              0.33              0.00       83.60           0.09                    new                                                          
54_207702_34_948430              54.208147              -34.948504           03 36 49.96     -34 56 54.6                    18.48              0.00            7.90              0.02              1.38              0.01              0.66              0.00      -84.18           0.22                    new                                                          
54_217901_36_144548              54.217835              -36.144507           03 36 52.28     -36 08 40.2                    22.90              0.00            6.86              0.56              1.15              0.24              0.61              0.07      -20.16           8.10                    new                                                          
54_225304_35_927857              54.225296              -35.928023           03 36 54.07     -35 55 40.9                    21.83              0.04            6.55              0.34              1.10              0.09              0.87              0.03        2.20          11.36                    old                                                          
54_226584_35_746638              54.226572              -35.747144           03 36 54.38     -35 44 49.7                    20.42              0.01           20.05              0.40              0.66              0.03              0.46              0.01      -30.27           0.91                    old                                                          
54_229175_36_353167              54.228827              -36.353391           03 36 54.92     -36 21 12.2                    20.57              0.02           15.13              0.41              0.62              0.04              0.77              0.02       50.00           3.61                    old                                                          
54_229207_35_944156              54.229109              -35.944392           03 36 54.99     -35 56 39.8                    21.66              0.03            9.40              0.42              0.73              0.06              0.87              0.03      -34.52          11.17                    old                                                          
54_303837_36_257890              54.303830              -36.257890           03 37 12.92     -36 15 28.4                    19.79              0.01           23.96              0.42              0.82              0.02              0.58              0.01      -86.99           1.07                    old                                                          
54_312696_34_701092              54.312749              -34.701412           03 37 15.06     -34 42 05.1                    21.22              0.00            6.29              0.15              1.04              0.06              0.98              0.03      -76.27          66.85                    new                                                          
54_315217_35_357873              54.315355              -35.358242           03 37 15.69     -35 21 29.7                    21.03              0.00           20.56              0.57              0.47              0.04              0.54              0.02        8.93           2.07                    new                                                          
54_316117_35_783222              54.315665              -35.783657           03 37 15.76     -35 47 01.2                    22.03              0.00           11.69              0.52              0.60              0.08              0.59              0.04       70.91           3.91                    new                                                          
54_332503_35_521675              54.332849              -35.521601           03 37 19.88     -35 31 17.8                    20.63              0.00            9.87              0.23              2.27              0.08              0.85              0.02        1.92           6.25                    new                                                          
54_393361_34_566559              54.393832              -34.566501           03 37 34.52     -34 33 59.4                    20.34              0.00           20.02              0.59              0.86              0.05              0.52              0.02       48.59           1.88                    new                                                          
54_403239_34_741404              54.403584              -34.741585           03 37 36.86     -34 44 29.7                    19.98              0.01            7.66              0.10              1.13              0.02              0.78              0.01       65.65           1.49                    old                                                          
54_410467_35_385560              54.410400              -35.385500           03 37 38.50     -35 23 07.8                    20.00              0.00           19.00              0.32              0.76              0.03              0.84              0.02      -25.89           4.39                    new                                                          
54_421274_35_296164              54.421200              -35.296146           03 37 41.09     -35 17 46.1                    18.61              0.00           22.33              0.13              0.79              0.01              0.81              0.00       79.94           0.85                    old                                                          
54_421549_36_173427              54.420634              -36.173910           03 37 40.95     -36 10 26.1                    20.44              0.00           30.92              0.99              0.77              0.05              0.69              0.03       50.20           3.99                    new                                                          
54_424704_35_955186              54.424789              -35.955757           03 37 41.95     -35 57 20.7                    19.58              0.01           39.05              0.73              0.84              0.02              0.45              0.00      -19.31           0.67                    old                                                          
54_435270_35_703485              54.435199              -35.703984           03 37 44.45     -35 42 14.3                    20.38              0.00           13.14              0.20              0.59              0.02              0.91              0.02       33.60           7.87                    new                                                          
54_457849_35_550253              54.457799              -35.550438           03 37 49.87     -35 33 01.6                    21.76              0.00           12.29              0.56              0.50              0.07              0.75              0.04      -28.33           7.49                    new                                                          
54_461294_35_362599              54.462119              -35.362881           03 37 50.91     -35 21 46.4                    21.52              0.00           17.50              0.69              0.48              0.06              0.59              0.03       57.88           3.73                    new                                                          
54_477239_34_882137              54.477823              -34.882293           03 37 54.68     -34 52 56.3                    16.56              0.00           32.65              0.08              1.32              0.00              0.81              0.00      -29.54           0.27                    old                                                          
54_526099_36_050424              54.526090              -36.050146           03 38 06.26     -36 03 00.5                    19.98              0.00           15.27              0.22              0.67              0.02              0.94              0.02       73.74           9.90                    new                                                          
54_527956_35_592435              54.527900              -35.592000           03 38 06.70     -35 35 31.2                    22.41              0.05           11.40              0.85              0.55              0.10              0.65              0.04      -54.83           6.57                    old                                                          
54_531334_36_071826              54.531330              -36.072092           03 38 07.52     -36 04 19.5                    22.73              0.00           15.62              1.81              0.71              0.20              0.56              0.09      -54.80           8.65                    new                                                          
54_535323_36_008573              54.535271              -36.008354           03 38 08.47     -36 00 30.1                    21.24              0.00           12.88              0.45              0.80              0.06              0.71              0.03       85.33           4.62                    new                                                          
54_536126_35_165484              54.535921              -35.165108           03 38 08.62     -35 09 54.4                    20.26              0.00           23.24              0.45              0.41              0.03              0.83              0.02      -81.12           4.72                    new                                                          
54_546496_36_337462              54.545856              -36.337657           03 38 11.01     -36 20 15.6                    20.67              0.02           18.39              0.65              0.49              0.04              0.85              0.03      -52.44           8.55                    old                                                          
54_561855_35_123046              54.562036              -35.122848           03 38 14.89     -35 07 22.3                    21.24              0.00           16.61              0.68              0.71              0.07              0.76              0.04       85.41           7.06                    new                                                          
54_564169_36_280861              54.564160              -36.281169           03 38 15.40     -36 16 52.2                    20.31              0.03           24.78              0.96              0.59              0.04              0.72              0.02       25.11           4.17                    old                                                          
54_575035_34_674522              54.575622              -34.674438           03 38 18.15     -34 40 28.0                    19.88              0.02           22.51              0.61              0.93              0.03              0.58              0.01      -72.29           1.77                    old                                                          
54_580221_36_065543              54.580131              -36.065719           03 38 19.23     -36 03 56.6                    18.14              0.00           28.39              0.16              0.85              0.01              0.77              0.00      -16.99           0.77                    old                                                          
54_593458_34_927071              54.593667              -34.926927           03 38 22.48     -34 55 36.9                    20.98              0.04           19.93              1.01              0.97              0.06              0.58              0.02      -62.37           2.95                    old                                                          
54_595687_35_759487              54.595511              -35.760315           03 38 22.92     -35 45 37.1                    23.06              0.00            6.60              0.43              0.37              0.12              0.70              0.06       84.38           8.99                    new                                                          
54_603719_36_071817              54.603971              -36.071598           03 38 24.95     -36 04 17.8                    22.93              0.00            5.37              0.27              0.13              0.10              0.69              0.04       62.87           6.36                    new                                                          
54_606718_36_095700              54.606718              -36.095700           03 38 25.61     -36 05 44.5                    22.26              0.00            4.69              0.20              1.05              0.13              0.90              0.05      -40.29          19.66                    new                                                          
54_613138_35_152030              54.613447              -35.152073           03 38 27.23     -35 09 07.5                    20.45              0.00           25.77              0.60              1.65              0.05              0.45              0.01      -55.48           1.09                    new                                                          
54_631350_34_774261              54.631123              -34.774638           03 38 31.47     -34 46 28.7                    20.97              0.02           10.51              0.24              0.81              0.03              0.55              0.01      -54.80           1.23                    old                                                          
54_652490_35_833886              54.652580              -35.833946           03 38 36.62     -35 50 02.2                    18.46              0.00           19.28              0.09              0.79              0.01              0.90              0.00       17.87           1.45                    old                                                          
54_675841_35_552272              54.675859              -35.552130           03 38 42.21     -35 33 07.7                    19.28              0.00           16.91              0.15              0.77              0.01              0.73              0.01      -75.47           1.28                    new                                                          
54_695749_34_986740              54.695702              -34.986876           03 38 46.97     -34 59 12.8                    21.69              0.00            9.35              0.30              0.89              0.07              0.57              0.02       52.04           2.65                    new                                                          
54_716883_36_301271              54.716789              -36.301054           03 38 52.03     -36 18 03.8                    20.69              0.03           10.49              0.42              1.65              0.07              0.76              0.02       37.38           2.84                    old                                                          
54_726073_35_986390              54.725820              -35.986665           03 38 54.20     -35 59 12.0                    21.30              0.00           15.26              0.58              1.36              0.08              0.76              0.03       39.48           6.03                    new                                                          
54_729106_35_237086              54.729368              -35.237000           03 38 55.05     -35 14 13.2                    18.43              0.00           28.89              0.20              0.84              0.01              0.69              0.00       48.55           0.55                    old                                                          
54_740342_35_184769              54.739897              -35.184658           03 38 57.58     -35 11 04.8                    19.09              0.01           29.52              0.39              0.72              0.01              0.96              0.01       30.69           9.94                    old                                                          
54_745879_35_740786              54.745801              -35.741138           03 38 58.99     -35 44 28.1                    20.24              0.02           10.04              0.23              1.34              0.03              0.93              0.01      -59.67           8.10                    old                                                          
54_753410_36_338243              54.753401              -36.338584           03 39 00.82     -36 20 18.9                    18.95              0.01           22.14              0.27              0.94              0.03              0.59              0.01      -37.83           0.61                    old                                                          
54_779224_35_122908              54.779490              -35.122876           03 39 07.08     -35 07 22.4                    20.39              0.01           13.66              0.25              0.84              0.02              0.63              0.01      -84.35           1.21                    old                                                          
54_816794_35_005674              54.816614              -35.005877           03 39 15.99     -35 00 21.2                    21.53              0.00           10.35              0.31              0.73              0.06              0.71              0.03      -74.09           4.04                    new                                                          
54_821872_35_778770              54.822072              -35.779284           03 39 17.30     -35 46 45.4                    22.20              0.02            6.17              0.19              0.38              0.06              0.58              0.02       87.18           2.49                    old                                                          
54_843603_35_589896              54.843638              -35.590022           03 39 22.47     -35 35 24.1                    19.33              0.01           10.50              0.08              1.08              0.01              0.96              0.00       23.76           5.72                    old                                                          
54_870302_35_572444              54.870451              -35.572583           03 39 28.91     -35 34 21.3                    19.92              0.02           31.88              0.89              0.70              0.03              0.87              0.02      -20.85           6.68                    old                                                          
54_884701_36_099635              54.884181              -36.099673           03 39 32.20     -36 05 58.8                    20.06              0.01           21.10              0.41              0.65              0.02              0.89              0.01       64.15           6.22                    old                                                          
54_923278_35_531898              54.923359              -35.531899           03 39 41.61     -35 31 54.8                    19.89              0.00           20.93              0.33              0.99              0.03              0.76              0.01      -66.01           2.51                    new                                                          
54_924511_35_468637              54.924988              -35.468362           03 39 42.00     -35 28 06.1                    20.87              0.06           28.24              2.45              1.32              0.10              0.89              0.04       89.18          17.43                    old                                                          
54_942374_36_191563              54.942303              -36.191657           03 39 46.15     -36 11 30.0                    21.62              0.00            5.18              0.18              1.51              0.12              0.76              0.03      -80.98           6.00                    new                                                          
54_950673_36_186131              54.950765              -36.186495           03 39 48.18     -36 11 11.4                    20.10              0.00           22.04              0.52              1.87              0.06              0.61              0.01      -12.07           1.93                    new                                                          
54_950837_34_773710              54.950856              -34.773438           03 39 48.21     -34 46 24.4                    21.57              0.00            5.74              0.17              1.27              0.09              0.90              0.03      -54.77          12.66                    new                                                          
54_959116_35_023323              54.959189              -35.023227           03 39 50.21     -35 01 23.6                    17.42              0.00           76.92              0.46              0.57              0.01              0.77              0.00      -23.90           0.82                    old                                                          
54_963258_36_012110              54.963183              -36.012438           03 39 51.16     -36 00 44.8                    21.23              0.00           13.88              0.48              0.77              0.06              0.81              0.04       49.64           7.31                    new                                                          
54_964300_35_322490              54.964090              -35.322073           03 39 51.38     -35 19 19.5                    18.31              0.00           35.11              0.18              0.73              0.01              0.85              0.01      -15.79           1.43                    new                                                          
54_968992_36_141662              54.969000              -36.141946           03 39 52.56     -36 08 31.0                    20.95              0.02           14.36              0.36              0.70              0.03              0.53              0.01       81.47           1.29                    old                                                          
54_977017_34_696208              54.977090              -34.696146           03 39 54.50     -34 41 46.1                    19.52              0.01           14.87              0.16              0.71              0.01              0.84              0.01       62.46           2.23                    old                                                          
55_001372_36_093632              55.001275              -36.093656           03 40 00.31     -36 05 37.2                    19.98              0.02           30.29              0.95              1.20              0.04              0.55              0.01      -32.31           1.23                    old                                                          
55_007334_35_491729              55.007240              -35.491627           03 40 01.74     -35 29 29.9                    22.80              0.00            5.21              0.26              0.48              0.11              0.70              0.05      -85.54           7.04                    new                                                          
55_012880_35_488859              55.013060              -35.488945           03 40 03.13     -35 29 20.2                    21.77              0.03            4.97              0.23              1.31              0.09              0.84              0.03       25.49           7.56                    old                                                          
55_012927_35_465776              55.012990              -35.465073           03 40 03.12     -35 27 54.3                    19.94              0.02           36.64              0.88              0.49              0.02              0.82              0.02      -75.45           4.59                    old                                                          
55_013045_36_361481              55.013096              -36.361876           03 40 03.14     -36 21 42.8                    23.55              0.00            4.44              0.67              1.40              0.56              0.66              0.15       70.40          21.50                    new                                                          
55_018537_35_072778              55.018715              -35.072696           03 40 04.49     -35 04 21.7                    21.19              0.00            8.66              0.22              0.98              0.05              0.88              0.03       77.42           8.62                    new                                                          
55_020824_34_652231              55.021332              -34.652052           03 40 05.12     -34 39 07.4                    20.14              0.01           17.12              0.24              0.66              0.02              0.60              0.01       36.70           0.96                    old                                                          
55_025435_36_233845              55.025400              -36.233800           03 40 06.10     -36 14 01.7                    18.26              0.01           60.97              0.77              1.30              0.01              0.40              0.00       26.55           0.28                    old                                                          
55_028498_34_598234              55.028801              -34.598362           03 40 06.91     -34 35 54.1                    20.94              0.00            6.29              0.10              1.08              0.04              0.87              0.02      -86.01           5.36                    new                                                          
55_051650_35_289438              55.052046              -35.288779           03 40 12.49     -35 17 19.6                    20.89              0.02           21.55              0.57              0.47              0.03              0.60              0.01       20.03           1.95                    old                                                          
55_060339_36_268759              55.060488              -36.269022           03 40 14.52     -36 16 08.5                    21.73              0.00            6.17              0.16              1.06              0.07              0.67              0.02      -48.49           3.12                    new                                                          
55_075443_36_058640              55.075265              -36.058877           03 40 18.06     -36 03 32.0                    21.80              0.00           15.15              0.00              0.65              0.09              0.69              0.04       27.76           0.00                    new                                                          
55_077814_35_130239              55.077401              -35.137506           03 40 18.58     -35 08 15.0                    20.18              0.02           28.27              0.82              0.68              0.03              0.84              0.02      -12.55           5.58                    old                                                          
55_077823_34_542607              55.078331              -34.542452           03 40 18.80     -34 32 32.8                    20.31              0.08            9.61              1.09              0.86              0.16              0.89              0.07       -0.12          29.61                    old                                                          
55_109358_35_003593              55.109478              -35.003499           03 40 26.27     -35 00 12.6                    20.01              0.00           23.02              0.37              0.84              0.03              0.56              0.01       58.38           1.19                    new                                                          
55_111349_35_420001              55.111179              -35.419999           03 40 26.68     -35 25 12.0                    19.95              0.02           20.73              0.47              0.80              0.03              0.87              0.01      -69.96           5.05                    old                                                          
55_118091_34_786489              55.118089              -34.786073           03 40 28.34     -34 47 09.9                    21.62              0.03           13.04              0.37              0.22              0.03              0.84              0.03       40.39           7.29                    old                                                          
55_140321_35_888154              55.140092              -35.888292           03 40 33.62     -35 53 17.9                    20.27              0.00           20.84              0.40              0.71              0.03              0.67              0.02      -75.76           2.18                    new                                                          
55_153262_35_355448              55.153440              -35.355145           03 40 36.83     -35 21 18.5                    20.31              0.00           31.72              0.71              0.48              0.04              0.71              0.02      -44.75           3.91                    new                                                          
55_169040_34_948892              55.168829              -34.948950           03 40 40.52     -34 56 56.2                    18.72              0.01           29.54              0.27              0.72              0.01              0.84              0.01       50.52           1.79                    old                                                          
55_176859_35_660731              55.176865              -35.661430           03 40 42.45     -35 39 41.1                    17.37              0.00           38.60              0.11              0.66              0.00              0.63              0.00      -35.29           0.22                    new                                                          
55_180676_35_860706              55.180586              -35.860774           03 40 43.34     -35 51 38.8                    18.02              0.00           19.52              0.06              0.86              0.00              0.67              0.00      -85.96           0.24                    old                                                          
55_181396_35_540110              55.181661              -35.539524           03 40 43.60     -35 32 22.3                    22.15              0.00           11.24              0.68              0.58              0.10              0.66              0.05      -82.27           6.80                    new                                                          
55_188906_35_502452              55.188900              -35.502000           03 40 45.34     -35 30 07.2                    21.68              0.00           13.25              0.58              0.67              0.07              0.88              0.05      -79.23          15.65                    new                                                          
55_206726_35_388188              55.206793              -35.388438           03 40 49.63     -35 23 18.4                    21.81              0.00           11.40              0.45              0.33              0.05              0.74              0.04      -65.86           6.07                    new                                                          
55_207789_35_024212              55.207520              -35.023855           03 40 49.80     -35 01 25.9                    18.60              0.01           28.26              0.56              0.68              0.02              0.72              0.01      -47.67           2.10                    old                                                          
55_220155_35_117344              55.220374              -35.117729           03 40 52.89     -35 07 03.8                    18.82              0.01           29.52              0.39              1.08              0.01              0.83              0.01       15.73           1.77                    old                                                          
55_236284_34_713511              55.236268              -34.713218           03 40 56.70     -34 42 47.6                    21.35              0.00            8.59              0.53              0.41              0.10              0.62              0.05      -10.20           6.25                    new                                                          
55_242254_36_332996              55.242253              -36.332917           03 40 58.14     -36 19 58.5                    22.61              0.00            8.64              0.57              0.55              0.12              0.65              0.06      -39.34           7.01                    new                                                          
55_266215_34_954278              55.266001              -34.954146           03 41 03.84     -34 57 14.9                    19.13              0.01           23.06              0.19              0.68              0.01              0.69              0.00      -45.81           0.73                    old                                                          
55_266820_35_647450              55.266536              -35.647586           03 41 03.97     -35 38 51.3                    17.43              0.00           23.48              0.07              0.99              0.00              0.86              0.00       52.40           0.59                    old                                                          
55_276063_35_606052              55.276093              -35.606365           03 41 06.26     -35 36 22.9                    22.55              0.00           10.39              0.45              0.27              0.06              0.52              0.03       22.51           3.12                    new                                                          
55_278893_35_690328              55.278800              -35.690300           03 41 06.91     -35 41 25.1                    19.05              0.01           29.47              0.41              0.87              0.02              0.77              0.01      -80.53           1.59                    old                                                          
55_299877_36_069068              55.299609              -36.069294           03 41 11.91     -36 04 09.5                    21.10              0.00           13.51              0.29              0.66              0.04              0.59              0.02       48.92           1.82                    new                                                          
55_311066_35_450691              55.311188              -35.450948           03 41 14.69     -35 27 03.4                    19.69              0.00           14.75              0.12              0.72              0.01              0.81              0.01      -58.04           1.74                    new                                                          
55_322646_35_648422              55.322093              -35.648292           03 41 17.30     -35 38 53.9                    22.96              0.00            6.39              0.41              0.49              0.13              0.65              0.06      -67.82           7.47                    new                                                          
55_338897_35_948670              55.339077              -35.948656           03 41 21.38     -35 56 55.2                    17.13              0.00           33.70              0.10              0.82              0.00              0.96              0.00      -52.88           2.10                    new                                                          
55_344247_35_005799              55.344006              -35.005584           03 41 22.56     -35 00 20.1                    22.19              0.00           14.39              0.77              0.62              0.10              0.40              0.03       47.14           2.60                    new                                                          
55_348414_35_763080              55.348314              -35.763366           03 41 23.60     -35 45 48.1                    21.73              0.00           15.91              0.94              1.01              0.10              0.60              0.04       -6.40           4.48                    new                                                          
55_349506_36_080363              55.349458              -36.080581           03 41 23.87     -36 04 50.1                    20.65              0.00           21.21              0.44              1.22              0.05              0.35              0.01       74.19           0.78                    new                                                          
55_359847_35_379888              55.359895              -35.379584           03 41 26.37     -35 22 46.5                    21.02              0.00           11.55              0.26              0.62              0.04              0.73              0.02       64.49           3.29                    new                                                          
55_361720_34_916506              55.362062              -34.916582           03 41 26.89     -34 54 59.7                    21.80              0.00           10.74              0.45              0.66              0.07              0.83              0.04      -39.70          10.25                    new                                                          
55_366067_35_719940              55.366334              -35.720336           03 41 27.92     -35 43 13.2                    17.82              0.00           42.55              0.19              1.04              0.01              0.52              0.00      -38.54           0.31                    new                                                          
55_418945_35_352528              55.419261              -35.352290           03 41 40.62     -35 21 08.2                    18.96              0.01           26.82              0.27              0.76              0.01              0.60              0.00      -85.66           0.60                    new                                                          
55_443408_35_515530              55.443722              -35.515360           03 41 46.49     -35 30 55.3                    21.24              0.00           25.99              1.40              0.88              0.09              0.55              0.04      -72.13           3.82                    new                                                          
55_458440_35_535578              55.458626              -35.535276           03 41 50.07     -35 32 07.0                    18.60              0.00           23.08              0.14              0.70              0.01              0.57              0.00       49.02           0.33                    old                                                          
55_472199_34_880448              55.472189              -34.880948           03 41 53.33     -34 52 51.4                    18.76              0.01           11.77              0.13              1.26              0.01              0.75              0.00      -65.97           0.95                    old                                                          
55_485620_35_889118              55.485605              -35.889438           03 41 56.55     -35 53 22.0                    21.79              0.00            9.26              0.33              0.51              0.06              0.82              0.04       14.34           8.48                    new                                                          
55_488897_35_292186              55.488894              -35.292364           03 41 57.33     -35 17 32.5                    17.82              0.00           50.84              0.29              0.68              0.01              0.76              0.00       64.52           0.69                    old                                                          
55_546602_35_443437              55.546540              -35.443142           03 42 11.17     -35 26 35.3                    18.15              0.01           72.03              1.00              1.02              0.01              0.46              0.00       68.49           0.44                    new                                                          
55_579929_35_560831              55.579554              -35.561026           03 42 19.09     -35 33 39.7                    18.82              0.00           26.10              0.21              0.65              0.01              0.79              0.01      -50.83           1.56                    new                                                          
55_646764_35_984759              55.646015              -35.985095           03 42 35.04     -35 59 06.3                    18.85              0.01           32.94              0.37              0.76              0.01              0.58              0.00       63.68           0.64                    old                                                          
55_653675_35_955773              55.653783              -35.955917           03 42 36.91     -35 57 21.3                    18.17              0.00           28.59              0.09              0.63              0.00              0.72              0.00       25.34           0.43                    new                                                          
55_660488_35_868209              55.660661              -35.868071           03 42 38.56     -35 52 05.1                    16.99              0.00           42.44              0.23              1.26              0.01              0.96              0.00       37.01           3.18                    new                                                          
55_661116_35_764121              55.661102              -35.764146           03 42 38.66     -35 45 50.9                    22.35              0.00           10.06              0.64              0.73              0.11              0.90              0.07       41.35          29.73                    new                                                          
55_678760_35_540669              55.678970              -35.540671           03 42 42.95     -35 32 26.4                    19.94              0.00           17.00              0.20              0.76              0.02              0.56              0.01      -81.92           0.86                    new                                                          
55_696985_35_390032              55.696985              -35.389707           03 42 47.28     -35 23 22.9                    21.20              0.00           16.03              0.62              0.76              0.06              0.70              0.03      -16.37           4.83                    new                                                          
55_751891_35_635505              55.751894              -35.635791           03 43 00.45     -35 38 08.8                    21.53              0.00           24.16              1.14              0.61              0.07              0.45              0.03      -32.63           2.41                    new                                                          
55_806324_35_519402              55.806295              -35.519108           03 43 13.51     -35 31 08.8                    17.24              0.00           37.34              0.17              1.20              0.00              0.79              0.00       14.18           0.45                    old                                                          
