gmag  g-r   r-i   rh[pc]            
17.57  0.68  0.36  _            
17.58  0.97  0.54  2.71         
17.86  0.52  0.28  1.93         
17.94  0.58  0.37  4.05         
17.40  0.76  0.36  2.13         
16.12  0.80  0.42  2.27         
15.92  0.76  0.37  3.47         
17.23  0.76  0.40  2.77         
17.24  0.61  0.30  2.00         
17.04  0.66  0.36  5.37         
17.06  0.63  0.29  1.84         
15.43  0.60  0.30  3.00         
17.63  0.75  0.42  5.08         
18.61  1.19  0.72  3.91         
17.99  0.81  0.43  2.59         
18.32  0.56  0.37  _            
16.48  0.97  0.54  3.09         
15.43  0.78  0.40  2.67         
18.11  0.96  0.48  4.75         
15.29  0.70  0.33  2.72         
18.01  1.04  0.57  2.90         
17.74  0.57  0.29  2.14         
17.29  0.77  0.37  1.71         
17.28  0.81  0.40  1.69         
18.02  0.86  0.47  2.37         
16.05  0.70  0.35  2.56         
17.31  0.66  0.38  2.41         
17.21  0.88  0.50  4.16         
18.20  1.25  0.65  1.88         
18.41  1.01  0.50  1.80         
18.21  1.03  0.56  1.58         
18.37  0.81  0.43  2.78         
15.90  0.77  0.40  2.16         
17.89  0.77  0.38  1.30         
17.92  0.84  0.41  1.89         
17.96  2.01  1.14  3.88         
16.98  0.80  0.40  1.94         
16.64  1.09  0.59  2.76         
19.06  1.25  0.61  _            
18.72  0.47  0.29  4.42         
17.04  1.42  0.68  1.89         
17.32  0.97  0.50  _            
19.75  1.15  0.66  _            
16.24  0.78  0.40  2.87         
18.26  0.64  0.32  1.84         
17.80  0.63  0.29  3.38         
17.07  0.84  0.47  _            
17.25  0.76  0.40  1.74         
19.18  0.75  0.36  _            
16.74  1.00  0.52  _            
18.68  0.79  0.52  1.89         
17.31  1.16  0.63  _            
19.31  0.99  0.48  _            
17.74  0.86  0.50  2.51         
17.89  0.58  0.30  3.09         
15.36  0.65  0.32  2.07         
17.85  1.01  0.54  _            
17.07  0.58  0.31  1.82         
17.25  1.06  0.55  2.40         
16.31  1.06  0.57  2.04         
16.66  0.68  0.34  _            
16.66  0.64  0.34  _            
17.25  0.66  0.32  2.67         
17.56  0.57  0.29  1.48         
16.93  1.05  0.56  2.49         
17.22  0.63  0.34  _            
18.59  0.92  0.39  _            
18.30  1.42  0.75  _            
16.41  0.76  0.38  2.33         
17.01  0.64  0.32  2.91         
17.96  0.87  0.42  _            
17.20  0.70  0.37  2.17         
17.96  1.00  0.54  _            
18.55  1.34  0.68  _            
17.92  1.13  0.58  _            
16.36  1.45  0.75  2.11         
17.45  0.66  0.34  4.98         
18.87  1.16  0.61  _            
17.21  0.64  0.29  2.52         
15.43  0.58  0.30  _            
19.12  0.81  0.36  _            
18.00  0.66  0.38  _            
15.94  0.99  0.53  _            
18.85  0.71  0.40  1.95         
17.94  0.88  0.53  _            
15.86  0.80  0.47  1.30         
17.37  0.68  0.34  _            
17.27  0.83  0.46  _            
15.99  0.79  0.43  1.84         
17.08  1.01  0.57  _            
17.42  0.91  0.44  _            
16.70  0.75  0.36  1.21         
17.22  0.67  0.36  _            
18.23  0.78  0.38  3.88         
17.27  0.65  0.34  _            
18.17  0.75  0.43  _            
15.68  0.82  0.45  _            
17.65  0.68  0.29  _            
17.71  0.77  0.44  _            
16.57  0.80  0.42  _            
16.29  0.81  0.40  _            
17.85  0.81  0.46  _            
16.92  0.84  0.44  _            
18.79  0.59  0.39  _            
15.61  0.71  0.37  1.62         
17.17  0.64  0.33  1.85         
16.81  0.93  0.52  _            
17.36  0.59  0.35  _            
16.55  0.80  0.54  _            
17.61  1.32  0.68  _            
16.72  0.60  0.28  1.96         
17.98  0.90  0.48  _            
18.59  1.41  0.76  _            
17.72  0.75  0.44  _            
16.81  0.58  0.29  3.78         
17.54  0.65  0.27  _            
14.50  0.94  0.42  _            
17.41  0.77  0.40  _            
18.48  1.92  0.98  _            
17.47  0.96  0.51  _            
15.79  0.68  0.35  _            
18.12  1.11  0.57  _            
16.76  0.59  0.30  _            
16.44  0.78  0.40  2.38         
17.22  0.55  0.31  _            
18.41  1.06  0.56  5.45         
17.88  0.83  0.38  _            
17.41  0.83  0.44  3.67         
16.48  0.82  0.45  _            
17.25  0.83  0.51  _            
18.52  0.68  0.33  _            
17.42  0.78  0.45  _            
16.14  0.83  0.40  _            
16.26  0.68  0.35  _            
17.50  0.89  0.47  3.78         
17.23  0.83  0.45  _            
15.46  1.02  0.53  _            
16.57  0.74  0.46  _            
16.69  0.80  0.44  _            
17.31  0.80  0.35  _            
18.45  0.84  0.46  _            
17.28  0.64  0.32  _            
17.91  0.57  0.24  _            
15.08  0.73  0.36  _            
18.11  1.04  0.55  _            
18.23  0.52  0.27  _            
16.72  0.67  0.33  _            
18.01  0.83  0.44  _            
15.50  0.85  0.46  3.00         
18.37  0.86  0.47  _            
16.76  0.55  0.27  _            
17.82  0.82  0.45  _            
18.18  0.54  0.25  _            
18.77  1.34  0.75  2.24         
17.73  0.93  0.46  _            
17.85  0.78  0.40  1.68         
15.73  0.80  0.42  _            
17.15  0.76  0.43  _            
18.14  0.78  0.45  _            
15.95  0.85  0.43  4.54         
16.89  0.60  0.30  5.99         
18.65  0.76  0.41  6.52         
15.36  0.62  0.31  _            
15.74  0.69  0.31  _            
16.54  0.76  0.37  _            
18.19  0.61  0.24  _            
17.35  0.78  0.39  2.17         
15.84  0.83  0.43  _            
16.44  0.80  0.41  2.62         
17.80  0.91  0.50  2.83         
16.04  0.77  0.39  _            
18.67  0.98  0.56  _            
17.72  0.88  0.45  3.12         
17.36  0.56  0.29  _            
17.56  0.91  0.48  3.70         
17.24  0.73  0.40  2.24         
15.78  0.83  0.45  2.03         
17.56  0.61  0.33  1.70         
17.72  0.69  0.35  2.83         
18.27  0.89  0.55  3.27         
18.19  0.68  0.37  1.82         
17.88  0.58  0.31  1.92         
19.01  0.89  0.51  3.53         
16.46  0.65  0.33  _            
18.20  0.70  0.34  1.73         
17.15  0.71  0.33  6.98         
16.15  0.74  0.37  _            
15.82  0.68  0.34  _            
15.43  0.67  0.31  2.81         
17.70  0.62  0.29  2.18         
18.36  0.86  0.45  4.52         
17.00  0.66  0.32  1.44         
16.93  0.58  0.29  2.48         
15.77  0.59  0.28  2.91         
17.36  0.78  0.40  1.40         
18.05  0.67  0.33  2.72         
17.61  0.77  0.43  2.26         
16.90  0.73  0.39  2.39         
15.08  0.70  0.36  3.19         
16.87  0.76  0.37  2.15         
16.95  0.62  0.29  4.08         
17.24  0.76  0.39  2.37         
15.59  0.60  0.28  6.95         
14.59  0.77  0.40  2.12         
17.28  0.82  0.41  2.84         
16.75  0.57  0.27  7.11         
16.32  0.54  0.26  2.08         
17.70  0.69  0.35  1.93         
15.99  0.61  0.30  2.43         
16.22  0.65  0.35  2.64         
17.27  0.76  0.35  2.48         
16.74  0.69  0.41  2.10         
17.70  0.57  0.24  2.40         
17.49  0.65  0.33  5.72         
16.91  0.75  0.38  3.46         
17.60  0.68  0.33  2.17         
15.53  0.61  0.28  2.99         
18.58  0.67  0.35  _            
17.66  0.74  0.39 11.45         
18.62  0.80  0.38  3.38         
19.12  0.68  0.41  _            
18.47  0.76  0.39  6.87         
18.49  1.23  0.68  1.62         
19.56  0.87  0.50  _            
19.45  1.50  0.89  _            
18.96  0.82  0.36  _            
19.00  1.06  0.59  1.82         
18.88  0.84  0.53  _            
19.18  1.20  0.53  5.01         
18.87  0.95  0.66  4.90         
18.98  0.88  0.55  5.03         
18.07  0.73  0.43  3.10         
18.26  0.78  0.40  3.44         
18.29  0.53  0.35  _            
17.50  0.56  0.27  2.94         
16.61  0.55  0.27  3.33         
17.00  0.56  0.28  3.12         
16.78  0.52  0.25  2.78         
17.50  0.75  0.37  2.58         
17.09  0.56  0.28  4.58         
17.17  0.59  0.28  3.26         
18.15  0.60  0.30  2.91         
16.88  1.13  0.61  2.81         
17.58  0.60  0.38  4.83         
17.90  0.69  0.33  5.13         
17.40  0.60  0.29  _            
15.85  0.72  0.39  2.52         
15.95  0.75  0.39  3.59         
16.76  0.88  0.45  3.37         
17.16  0.62  0.27  6.33         
16.91  0.54  0.25  _            
18.31  0.64  0.35  _            
18.00  0.57  0.38  _            
18.74  0.68  0.34  _            
19.20  0.74  0.51  8.32         
18.41  1.10  0.60  5.47         
18.14  0.54  0.25  2.41         
18.48  0.61  0.31  _            
17.14  0.63  0.32  2.14         
14.56  0.63  0.33  _            
17.30  0.74  0.40  2.37         
16.76  0.73  0.38  2.37         
16.60  0.56  0.27  2.73         
16.28  0.68  0.31  2.47         
17.04  0.58  0.31  2.18         
16.74  0.57  0.27  3.47         
17.39  0.76  0.35  1.68         
16.95  0.58  0.30  4.62         
17.93  0.64  0.26  4.30         
16.84  0.57  0.28  2.63         
18.09  0.58  0.27  2.97         
17.42  0.75  0.39  2.55         
17.01  0.72  0.37  _            
15.38  0.50  0.25  _            
17.25  0.56  0.26  3.30         
18.14  0.52  0.26  1.83         
16.99  0.62  0.30  3.88         
16.50  0.57  0.32  4.21         
16.61  0.73  0.39  2.74         
16.93  0.68  0.32  3.46         
16.09  0.79  0.43  1.92         
18.04  0.78  0.35  5.14         
17.44  0.56  0.26  _            
17.94  0.57  0.31  3.10         
16.56  0.75  0.38  _            
16.05  0.71  0.33  _            
17.71  0.62  0.26  2.06         
16.19  0.76  0.41  _            
16.29  0.75  0.37  _            
15.97  0.68  0.34  2.29         
17.32  0.55  0.27  _            
17.60  0.68  0.30  2.71         
17.30  0.71  0.32  4.54         
17.60  0.50  0.25  _            
16.76  0.63  0.29  2.19         
17.97  0.76  0.42  3.08         
17.65  0.53  0.27  3.68         
16.84  0.67  0.33  2.00         
17.10  0.52  0.26  3.39         
17.71  0.71  0.38  3.24         
16.70  0.75  0.35  _            
15.49  0.61  0.29  3.83         
16.52  0.76  0.40  2.42         
18.33  0.65  0.31  _            
18.62  0.74  0.37  4.06         
18.61  0.61  0.30  _            
17.34  0.60  0.29  4.77         
17.82  0.73  0.33  2.25         
18.38  0.56  0.29  3.45         
17.82  0.62  0.25  3.64         
18.37  0.67  0.37  _            
15.55  0.67  0.30  _            
17.95  0.55  0.26  _            
16.89  0.64  0.30  _            
18.04  0.61  0.26  3.41         
18.65  0.76  0.37  _            
19.06  0.62  0.41  3.31         
19.08  0.57  0.31  1.54         
15.87  0.54  0.22  _            
16.07  0.55  0.27  _            
17.26  0.61  0.30  4.34         
16.97  0.76  0.40  3.65         
16.27  0.59  0.30  3.72         
17.53  0.65  0.31  _            
17.47  0.54  0.28  _            
16.46  0.62  0.26  _            
16.81  0.54  0.25  _            
18.01  0.45  0.23  _            
18.75  0.68  0.43  _            
18.64  0.51  0.24  _            
17.86  0.49  0.22 10.67         
18.02  0.57  0.25  _            
17.75  0.59  0.28  _            
18.98  0.43  0.20  _            
19.17  0.79  0.30  _            
17.37  0.56  0.26  _            
17.20  0.69  0.30  _            
18.24  0.71  0.30  _            
17.20  0.58  0.29  _            
16.12  0.60  0.28  _            
17.91  0.52  0.24  _            
19.59  0.59  0.37  _            
18.01  0.57  0.26  _            
19.32  0.49  0.18  _            
18.87  0.54  0.23  _            
19.30  0.94  0.67  _            
18.18  0.65  0.43  _            
18.33  0.55  0.20  _            
19.40  0.64  0.56  _            
19.04  0.73  0.17  _            
18.51  0.67  0.33  _            
18.23  0.63  0.29  2.64         
18.01  1.49  0.78  _            
18.12  0.81  0.41  _            
19.13  0.65  0.30  _            
19.77  0.73  0.21  _            
19.72  1.11  0.46  1.49         
20.28  0.76  0.53  2.78         
19.87  0.83  0.38  0.84         
20.47  1.27  0.42  1.98         
20.27  0.95  0.47  1.57         
20.48  0.77  0.40  _            
18.80  0.64  0.30  2.19         
18.96  0.80  0.45  3.32         
18.83  0.74  0.25  _            
19.04  0.72  0.34  4.07         
19.74  1.05  0.40  _            
20.04  0.59  0.34  _            
19.87  0.52  0.33  _            
20.36  0.70  0.52  _            
20.03  0.76  0.55  3.33         
20.28  1.09  0.54  3.07         
17.96  0.82  0.44  _            
18.61  0.84  0.47  _            
20.01  0.97  0.47  2.02         
18.34  0.87  0.48  4.86         
20.34  0.71  0.41  _            
18.36  0.78  0.30  1.56         
19.49  0.57  0.19  4.44         
19.84  0.57  0.22  _            
19.60  0.79  0.27  _            
17.35  0.61  0.30  2.36         
17.97  0.68  0.39  _            
19.17  0.49  0.26  _            
18.48 -0.03 -0.24  _            
19.38  0.77  0.51  _            
18.54  0.34  0.14  _            
20.14  0.92  0.41  _            
19.43  0.31  0.06  _            
19.30  0.78  0.49  _            
18.34 -0.02 -0.03  _            
18.75  0.74  0.54  _            
19.34  0.43  0.27  _            
18.51  0.40  0.28  _            
18.62  0.40  0.32  _            
18.36  0.88  0.39  _            
18.38  0.74  0.41  _            
17.02  0.65  0.47  _            
18.86  0.61  0.25  _            
19.15  0.79  0.30  _            
18.44  0.95  0.43  _            
17.78  0.52  0.25  _            
17.95  0.70  0.34  _            
18.23  0.50  0.37  _            
18.43  0.26  0.04  _            
16.72  0.67  0.45  _            
18.63  0.79  0.54  _            
16.30 -0.15 -0.14  _            
18.44  1.02  0.57  _            
18.53  0.56  0.07  _            
17.75  0.54  0.18  _            
17.81  0.61  0.30  _            
19.33  0.81  0.35  _            
18.26  0.62  0.21  _            
19.23  0.55  0.37  _            
18.45  0.38  0.12  _            
17.65  0.45  0.23  _            
18.50  0.50  0.09  _            
18.16  0.40  0.24  _            
18.17  1.16  0.45  _            
18.29  1.05  0.46  _            
18.23  1.12  0.50  _            
18.50  1.05  0.43  _            
17.43  0.60  0.28  _            
18.34  1.13  0.50  _            
19.09  1.14  0.45  _            
18.65  1.05  0.51  _            
18.16  0.58  0.31  _            
21.54  0.08  0.77  _            
18.50  0.61  0.36  _            
18.16  0.61 -1.17  _            
18.82  0.73  0.40  _            
18.13  0.98  0.40  _            
18.01  0.68  0.39  _            
18.69  0.68  0.50  _            
19.60  0.46  0.11  _            
19.59  0.76  0.48  _            
18.81  0.75  0.41  _            
19.37  0.87  0.49  _            
18.51  0.23  0.24  _            
17.07 -0.22  0.14  _            
20.47  0.80  0.63  _            
22.17  2.10  0.66  _            
20.60  0.69  0.49  _            
18.68 -0.03  0.11  _            
20.02  0.60  0.51  _            
19.80  0.40  0.17  _            
20.49  0.83  0.34  _            
19.26  0.58  0.35  _            
19.94  1.37  0.47  _            
19.87  0.16 -0.18  _            
19.11  1.04  0.46  _            
19.03  0.77  0.51  _            
18.86  0.17  0.15  _            
19.39  0.86  0.21  _            
19.85  0.99  0.63  _            
19.26  0.88  0.29  _            
19.14  0.17 -0.22  _            
19.72  0.95  0.50  _            
19.35  0.36  0.37  _            
17.30  0.32  0.18  _            
18.74 -0.25 -0.25  _            
16.73  0.45  0.35  _            
18.65  0.83  0.39  _            
19.23  0.84  0.42  _            
19.55  0.55  0.20  _            
18.14  0.36  0.25  _            
19.39  1.31  0.47  _            
17.15  0.70  0.34  _            
19.99  1.12  0.45  _            
20.01  1.28  0.59  _            
19.51  1.24  0.53  _            
19.52  0.85  0.50  _            
19.28  0.94  0.41  _            
19.75  1.06  0.48  _            
19.47  1.51  0.59  _            
18.78  0.99  0.44  _            
20.27  1.27  0.52  _            
18.88  1.26  0.51  _            
19.09  0.96  0.48  _            
19.46  0.98  0.41  _            
19.72  0.63  0.40  _            
19.86  1.21  0.50  _            
18.72  1.30  0.52  _            
19.93  0.87  0.39  _            
19.49  1.11  0.51  _            
19.72  1.08  0.46  _            
19.50  1.21  0.48  _            
19.16  1.24  0.47  _            
18.82  1.12  0.46  _            
20.22  1.20  0.47  _            
19.55  0.83  0.50  _            
19.47  1.11  0.44  _            
19.94  1.37  0.51  _            
19.94  0.52  0.20  _            
19.42  1.05  0.43  _            
19.57  1.47  0.53  _            
19.36  1.32  0.49  _            
19.46  0.53  0.22  _            
19.87  1.04  0.57  _            
19.29  0.54  0.43  _            
19.82  0.94  0.48  _            
19.62  0.54  0.18  _            
19.63  1.29  0.53  _            
19.72  0.41  0.14  _            
22.24  1.63  0.81  _            
17.73  0.62  0.23  _            
20.75  1.36  0.41  _            
18.81  1.11  0.48  _            
20.55  1.17  0.51  _            
20.20  1.28  0.58  _            
19.28  1.33  0.54  _            
19.36  0.56  0.26  _            
20.65  1.38  0.86  _            
19.94  0.30  0.24  _            
20.50  1.03  0.46  _            
19.75  1.11  0.57  _            
18.71  0.91  0.45  _            
18.30  0.11  0.14  _            
19.99  0.91  0.30  _            
19.32  1.19  0.65  _            
19.50  0.52  0.44  _            
20.71  1.36  0.82  _            
18.53  1.13  0.49  _            
21.03  1.79  0.56  _            
20.54  1.16  0.34  _            
19.98  1.21  0.55  _            
19.91  1.20  0.42  _            
20.05  0.49  0.12  _            
19.91  1.31  0.50  _            
21.10  1.71  0.58  _            
18.62  0.87  0.34  _            
21.08  1.07  0.57  _            
19.49  0.95  0.47  _            
21.04  1.54  0.44  _            
19.70  1.01  0.44  _            
20.49  0.49  0.22  _            
20.06  0.71  0.30  _            
20.00  0.84  0.25  _            
21.00  1.52  0.50  _            
19.93  1.25  0.50  _            
18.14  0.09  0.01  _            
19.06  0.11  0.27  _            
19.51  1.02  0.43  _            
19.16  0.82  0.40  _            
19.22  0.74  0.31  _            
19.04  1.21  0.66  _            
18.99  0.03 -0.08  _            
19.92  1.35  0.52  _            
18.18  1.01  0.55  _            
19.04  0.84  0.41  _            
19.37  1.07  0.50  _            
18.97  0.39  0.11  _            
19.74  1.41  0.58  _            
19.21  0.26  0.01  _            
19.88  0.41  0.09  _            
19.74  0.55  0.04  _            
19.86  0.78  0.19  _            
20.74  1.44  0.62  _            
19.84  0.56  0.37  _            
19.45  0.44  0.05  _            
18.83  0.29  0.24  _            
20.16  1.45  0.97  _            
19.83  0.51  0.30  _            
19.68  0.93  0.56  _            
19.43  1.23  0.36  _            
19.73  0.70  0.31  _            
19.51  0.90  0.27  _            
20.23  0.67  0.71  _            
19.95  0.64  0.19  _            
20.22  1.13  0.50  _            
20.10  1.14  0.39  _            
18.60  0.96  0.50  _            
20.26  0.41  0.08  _            
19.42  1.27  0.62  _            
19.67  0.84  0.39  _            
20.35  0.71  0.42  _            
20.07  1.30  0.53  _            
19.35  0.37  0.21  _            
18.62  0.97  0.44  _            
19.57  1.32  0.57  _            
19.28  1.05  0.42  _            
19.49  0.87  0.47  _            
19.40  0.56  0.40  _            
18.77  0.72  0.51  _            
21.16  1.92  0.65  _            
17.96 -0.06  0.03  _            
20.10  1.21  0.39  _            
19.21  0.45 -0.01  _            
19.44  0.82  0.41  _            
20.35  1.11  0.47  _            
20.49  1.16  0.40  _            
18.88  0.90  0.61  _            
19.19  1.08  0.50  _            
16.05  0.85  0.30  _            
19.70  0.98  0.51  _            
19.33  0.31  0.21  _            
19.42  0.98  0.58  _            
19.78  0.51  0.36  _            
20.23  1.01  0.56  _            
19.45  0.70  0.51  _            
19.81  1.66  0.58  _            
19.27  0.52  0.24  _            
20.20  1.67  0.90  _            
16.29  0.17  0.00  _            
19.19  1.32  0.55  _            
20.48  1.15  0.45  _            
19.96  1.50  0.96  _            
19.11  0.47  0.21  _            
19.59  1.47  0.54  _            
18.67  1.23  0.52  _            
16.81  0.73 -0.73  _            
21.38  1.66  0.66  _            
20.43  0.61  0.12  _            
20.28  1.47  0.61  _            
20.13  0.60  0.05  _            
19.62  1.00  0.44  _            
19.76  1.16  0.46  _            
20.12  1.02  0.43  _            
20.54  1.23  0.43  _            
18.03  0.56  0.27  _            
20.21  1.39  0.51  _            
18.84  1.06  0.52  _            
20.23  1.44  0.53  _            
21.85  2.18 -0.65  _            
19.66  1.05  0.36  _            
19.38  0.47  0.25  _            
18.08  0.48  0.35  _            
19.93  0.63  0.33  _            
20.19  0.96  0.49  _            
19.80  0.73  0.27  _            
19.78  1.27  0.62  _            
18.30  1.00  0.44  _            
20.07  0.84  0.10  _            
19.42  0.56  0.32  _            
20.05  0.62  0.26  _            
20.23  0.57  0.37  _            
18.81  1.30  0.44  _            
18.64  1.11  0.77  _            
18.69  0.62  0.35  _            
19.89  0.43  0.10  _            
19.24  0.98  0.38  _            
17.82  0.99  0.42  _            
19.04  0.36  0.29  _            
20.03  1.38  0.68  _            
19.51  1.35  0.54  _            
19.68  1.11  0.41  _            
19.53  0.36  0.23  _            
18.69  0.64  0.37  _            
21.00  1.63  0.50  _            
19.77  0.51  0.18  _            
18.95  1.28  0.44  _            
20.04  1.46  0.61  _            
20.03  1.17  0.60  _            
19.96  0.79  0.43  _            
19.88  1.08  0.44  _            
19.98  1.06  0.42  _            
20.10  1.15  0.43  _            
19.71  0.68  0.41  _            
19.01  1.32  0.52  _            
19.99  0.78  0.38  _            
19.26  0.68  0.40  _            
19.61  0.74  0.41  _            
19.72  0.97  0.47  _            
18.86  1.09  0.41  _            
19.81  0.82  0.30  _            
19.60  1.31  0.56  _            
19.47  0.61  0.32  _            
19.39  0.68  0.37  _            
19.94  1.32  0.73  _            
19.00  1.27  0.48  _            
20.20  1.16  0.49  _            
18.95 -0.28 -0.30  _            
19.69  1.17  0.47  _            
19.62  0.40  0.17  _            
19.00  1.00  0.42  _            
19.69  0.40  0.22  _            
20.40  0.87  0.21  _            
20.86  0.85  0.16  _            
20.22  0.90  0.45  _            
19.85  0.48  0.24  _            
18.23  0.69  0.27  _            
18.83  1.21  0.46  _            
18.87  1.09  0.47  _            
18.37  1.07  0.51  _            
20.14  0.60  0.19  _            
19.75  0.93  0.40  _            
20.80  0.85  0.31  _            
20.43  0.82  0.36  _            
19.66  1.00  0.41  _            
19.22  0.31  0.31  _            
19.26  0.99  0.44  _            
19.21  0.96  0.40  _            
19.23  0.78  0.32  _            
19.61  1.07  0.47  _            
19.02  0.49  0.28  _            
18.77  0.29  0.12  _            
19.98  0.75  0.35  _            
20.06  0.55  0.39  _            
17.68  1.08  0.48  _            
20.64  1.30  0.39  _            
18.97  1.02  0.42  _            
18.92  0.64  0.19  _            
18.03  0.70  0.35  _            
19.82  1.50  0.50  _            
19.07  0.49  0.20  _            
19.77  0.97  0.37  _            
18.44  0.13  0.21  _            
19.11  0.49  0.21  _            
17.87  0.66  0.72  _            
19.03  0.56  0.34  _            
19.05  0.55  0.36  _            
18.70  0.68  0.30  _            
17.85  0.63  0.39  _            
18.68  0.41  0.36  _            
19.10  0.46  0.44  _            
17.38  0.19  0.14  _            
16.98  0.15  0.09  _            
17.71  0.37  0.24  _            
19.29 -0.28  0.15  _            
17.44  0.01 -0.23  _            
19.39  0.55  0.37  _            
18.31  0.28  0.13  _            
18.18  0.42  0.18  _            
17.20  0.42  0.35  _            
17.91  0.21  0.16  _            
19.36  0.42  0.47  _            
18.77  0.75  0.41  _            
18.75  0.15  0.09  _            
18.32  0.35  0.28  _            
18.56  0.40  0.33  _            
17.97  0.05 -0.05  _            
18.90  0.49  0.42  _            
18.47  0.35  0.29  _            
17.49  0.21  0.26  _            
18.02  0.23 -0.11  _            
18.25  0.07  0.15  _            
18.75  0.42  0.24  _            
18.53 -0.03 -0.30  _            
18.59  0.01  0.08  _            
18.91  0.48  0.36  _            
18.74  0.36  0.03  _            
17.73  0.38  0.19  _            
17.19  0.32 -0.06  _            
17.74  0.49  0.35  _            
17.71  0.08  0.01  _            
17.83 -0.25 -0.14  _            
18.19  0.42  0.37  _            
17.23  0.44  0.40  _            
18.05  0.09  0.16  _            
19.05  0.80  0.48  _            
19.12  0.23  0.23  _            
18.01  0.17  0.10  _            
17.65  0.38  0.17  _            
16.31  0.23  0.15  _            
16.86  0.01  0.03  _            
17.47  0.12  0.15  _            
17.64  0.17  0.10  _            
17.52  0.00 -0.03  _            
17.64  0.27  0.12  _            
17.07  0.52  0.28  _            
16.53  0.11  0.10  _            
17.88  0.05 -0.03  _            
18.50  0.61  0.43  _            
18.20  0.31  0.17  _            
18.00 -0.15 -0.07  _            
17.79  0.32  0.09  _            
18.40  0.39  0.12  _            
18.14  0.26  0.13  _            
17.04  0.21  0.11  _            
17.07  0.47  0.21  _            
17.71  0.22  0.27  _            
18.04  0.27  0.11  _            
18.46  0.05  0.05  _            
17.82  0.43  0.18  _            
17.79  0.10  0.11  _            
18.25 -0.53 -0.26  _            
17.99  0.29  0.20  _            
17.41  0.30  0.28  _            
18.20  0.12 -0.05  _            
18.17  0.16  0.12  _            
18.44  0.20  0.29  _            
18.50  0.38  0.23  _            
19.27  0.61  0.44  _            
15.70 -0.13  0.00  _            
20.03  0.58  0.23  _            
19.37  0.47  0.23  _            
18.22 -0.01  0.04  _            
18.60  0.61  0.23  _            
19.21  0.29  0.20  _            
17.32  0.00 -0.55  _            
19.33  0.36  0.24  _            
18.85  0.41  0.30  _            
17.40  0.10  0.22  _            
17.54  0.48  0.34  _            
18.46  0.07 -0.13  _            
19.89 -0.01  0.25  _            
19.71  0.34  0.36  _            
20.00  0.47  0.36  _            
20.56  0.18  0.33  _            
20.13  0.26  0.16  _            
20.25  0.74  0.36  _            
18.16  0.06  0.03  _            
20.20  0.81  0.61  _            
19.75  0.17  0.23  _            
18.88  0.13  0.16  _            
19.22  0.11  0.09  _            
19.17  0.92  0.48  _            
18.94  0.27  0.17  _            
18.12 -0.18  0.00  _            
19.25  0.20  0.41  _            
18.60  0.38  0.37  _            
19.76  0.23 -0.08  _            
19.58  0.20  0.07  _            
18.59 -0.13  0.09  _            
18.55  0.18  0.03  _            
18.92  0.03  0.12  _            
19.09  0.36  0.38  _            
19.02  0.18  0.12  _            
19.56  0.54  0.83  _            
18.85  0.20  0.00  _            
19.96  0.38  0.31  _            
19.22  0.83  0.54  _            
18.61  0.33  0.28  _            
20.32  0.93  0.69  _            
19.09  0.51  0.34  _            
20.19  0.44  0.54  _            
19.18 -0.36  0.28  _            
19.65  0.39  0.51  _            
18.57  0.12  0.09  _            
20.09  0.36  0.28  _            
20.32  0.08  0.46  _            
19.45  0.26 -0.16  _            
18.94  0.09  0.18  _            
20.63  0.62  0.17  _            
19.44  0.24 -0.03  _            
19.72  0.44  0.25  _            
18.29  0.39  0.02  _            
18.58  0.69  0.44  _            
18.89  0.73  0.50  _            
19.38  0.52  0.38  _            
19.55  0.61  0.38  _            
20.06  0.69  0.11  _            
19.62  0.54  0.41  _            
18.79  0.30  0.03  _            
19.40  0.63  0.44  _            
18.69  0.26  0.15  _            
17.97  0.13  0.14  _            
19.25  0.25  0.35  _            
17.72 -0.08  0.09  _            
19.66  0.67  0.37  _            
17.48  0.16  0.10  _            
18.05  0.44  0.35  _            
18.19  0.08 -0.41  _            
14.88  0.06  0.12  _            
17.53  0.32  0.18  _            
18.76  0.03 -0.20  _            
19.12  1.16  0.46  _            
19.10  0.99  0.57  _            
18.71  1.13  0.57  _            
18.87  1.17  0.58  _            
19.06  1.46  0.64  _            
19.08  1.38  0.53  _            
19.53  0.91  0.51  _            
17.68  1.19  0.71  _            
19.31  1.27  0.65  _            
19.93  1.10  0.45  _            
19.81  1.25  0.49  _            
18.48  1.22  0.61  _            
19.30  1.22  0.60  _            
18.79  0.56  0.39  _            
18.44  0.60  0.36  _            
18.14  1.16  0.53  _            
18.82  1.13  0.39  _            
19.29  1.07  0.35  _            
18.24  0.82  0.44  _            
18.58  0.83  0.37  _            
18.00  0.80  0.52  _            
16.93  0.95  0.49  _            
18.02  0.97  0.46  _            
17.79  1.01  0.46  _            
18.56  0.75  0.38  _            
18.18  1.15  0.49  _            
18.26  0.59  0.34  _            
18.14  0.98  0.42  _            
18.52  1.13  0.46  _            
18.11  0.62  0.42  _            
17.10  1.08  0.49  _            
18.03  0.78  0.43  _            
18.46  0.85  0.42  _            
17.97  0.90  0.45  _            
19.05  0.45  0.37  _            
18.20  0.55  0.33  _            
17.76  0.57  0.39  _            
16.88  0.99  0.52  _            
18.19  1.02  0.47  _            
18.67  1.06  0.47  _            
18.37 -0.85  0.68  _            
17.40  1.12  0.63  _            
18.54  1.01  0.45  _            
17.80  1.10  0.45  _            
18.72  1.28  0.56  _            
17.07  1.03  0.45  _            
18.51  0.57  0.45  _            
17.89  1.08  0.47  _            
18.42  0.95  0.38  _            
17.87  0.99  0.43  _            
18.20  1.04  0.46  _            
18.17  0.98  0.47  _            
18.57  1.12  0.48  _            
18.12  1.11  0.49  _            
18.87  1.10  0.52  _            
18.21  1.11  0.55  _            
19.27  1.32  0.51  _            
18.48  1.13  0.50  _            
18.33  0.98  0.45  _            
18.69  0.61  0.39  _            
18.94  0.85  0.54  _            
17.78  1.26  0.57  _            
18.74  1.24  0.57  _            
19.47  1.64  0.62  _            
19.02  1.12  0.54  _            
17.98  0.88  0.49  _            
17.57  0.62  0.26  _            
18.47  1.10  0.44  _            
19.23  1.35  0.57  _            
18.52  1.32  0.62  _            
17.84  0.76  0.48  _            
19.85  1.20  0.53  _            
17.21  0.64  0.44  _            
19.26  1.34  0.55  _            
18.10  0.99  0.43  _            
17.97  1.06  0.45  _            
18.68  1.26  0.54  _            
18.68  0.77  0.32  _            
17.92  1.00  0.46  _            
18.95  1.03  0.48  _            
17.20  0.74  0.37  _            
18.02  0.98  0.45  _            
17.50  0.95  0.37  _            
18.04  1.16  0.43  _            
18.20  1.10  0.47  _            
17.68  0.65  0.38  _            
18.66  0.97  0.43  _            
17.54  1.00  0.40  _            
18.08  0.96  0.52  _            
17.18  0.86  0.42  _            
18.27  0.98  0.42  _            
19.82  1.51  0.59  _            
18.26  0.72  0.48  _            
18.25  1.09  0.41  _            
19.07  0.79  0.46  _            
17.40  0.97  0.46  _            
17.91  1.03  0.46  _            
18.72  0.89  0.38  _            
18.21  0.85  0.45  _            
17.94  0.41  0.41  _            
18.07  0.53  0.33  _            
17.42  0.70  0.41  _            
18.03  1.11  0.45  _            
18.93  1.06  0.47  _            
17.53  1.05  0.41  _            
17.77  1.09  0.46  _            
17.52  0.94  0.45  _            
17.44  1.11  0.46  _            
16.38  0.90  0.48  _            
17.91  0.92  0.37  _            
18.17  1.17  0.50  _            
17.12  1.05  0.52  _            
17.03  0.94  0.43  _            
18.02  0.96  0.46  _            
17.92  0.58  0.37  _            
17.88  1.06  0.46  _            
18.39  0.50  0.27  _            
18.36  1.12  0.48  _            
18.35  0.72  0.44  _            
18.03  1.00  0.44  _            
18.77  1.07  0.46  _            
18.19  0.89  0.46  _            
19.17  0.45  0.24  _            
18.58  0.96  0.50  _            
18.91  1.10  0.60  _            
18.51  0.73  0.42  _            
18.70  0.86  0.43  _            
18.52  1.11  0.49  _            
18.29  0.89  0.42  _            
18.19  0.47  0.38  _            
18.14  1.06  0.45  _            
18.22  0.69  0.40  _            
18.20  0.87  0.45  _            
17.76  0.94  0.53  _            
18.08  1.39  0.75  _            
18.19  1.11  0.54  _            
18.05  0.82  0.43  _            
18.33  0.89  0.38  _            
17.83  0.96  0.42  _            
17.78  1.10  0.52  _            
18.04  0.48  0.37  _            
18.68  1.03  0.46  _            
18.70  1.23  0.54  _            
17.87  1.04  0.51  _            
18.12  1.15  0.57  _            
18.07  0.94  0.51  _            
17.87  0.98  0.49  _            
17.77  0.98  0.47  _            
17.79  0.86  0.38  _            
17.47  1.07  0.48  _            
17.38  1.01  0.39  _            
18.14  0.92  0.46  _            
18.15  0.68  0.38  _            
18.14  0.83  0.47  _            
17.84  0.95  0.38  _            
21.82  1.25  0.43  _            
22.40  1.79  0.49  _            
21.17  1.45  0.58  _            
21.30  1.12  0.48  _            
19.11  1.35  0.54  _            
19.65  0.70  0.41  _            
19.28  0.76  0.41  _            
18.88  0.57  0.33  _            
17.45  0.87  0.44  _            
19.60  1.11  0.55  _            
18.98  0.95  0.46  _            
18.89  1.08  0.51  _            
19.21  1.16  0.52  _            
18.44  0.96  0.44  _            
19.10  1.02  0.53  _            
19.56  0.74  0.50  _            
17.95  0.77  0.55  _            
19.36  1.19  0.45  _            
19.55  0.91  0.43  _            
19.34  0.92  0.72  _            
19.28  0.71  0.62  _            
19.85  0.61  0.46  _            
18.89  0.87  0.48  _            
20.24  0.88  0.39  _            
19.03  1.07  0.42  _            
21.00  1.39  0.64  _            
18.49  1.10  0.46  _            
19.11  1.44  0.74  _            
19.56  0.62  0.41  _            
18.41  0.69  0.38  _            
18.06  1.22  0.59  _            
19.48  0.67 -0.23  _            
19.34  0.47 -0.36  _            
19.62  1.10 -0.24  _            
19.52 -0.37  0.07  _            
20.14  0.26  0.09  _            
19.29  1.10  0.39  _            
19.61  0.61  0.46  _            
18.34  0.99  0.53  _            
18.16  1.41 -1.42  _            
19.17  1.38 -1.11  _            
16.41  0.97 -1.04  _            
18.53  0.71 -0.85  _            
19.92  0.97  0.45  _            
15.79  0.32  0.10  _            
18.70  0.60  0.21  _            
18.80  0.58  0.30  _            
18.95  1.38  0.69  _            
18.21  0.12  0.10  _            
19.10  0.65  0.18  _            
18.93  0.25  0.08  _            
17.87  0.53  0.19  _            
19.10 -0.09  0.03  _            
18.50  1.41  0.76  _            
17.62  0.70  0.33  _            
19.67  0.43  0.14  _            
20.77  1.57  1.24  _            
19.19  0.57  0.56  _            
18.77  0.22  0.00  _            
19.28  0.54  0.19  _            
19.01  0.44  0.10  _            
20.16  1.36  0.69  _            
19.20  1.03  0.40  _            
18.57 -0.01  0.17  _            
19.04  1.02  1.03  _            
18.04  0.30  0.14  _            
18.47  0.18  0.14  _            
19.08  0.50  0.27  _            
19.12  1.30  0.70  _            
18.51  0.54  0.20  _            
19.69  1.06  0.39  _            
18.12  0.04  0.00  _            
19.25  0.65  0.07  _            
19.83  1.49  1.10  _            
19.01  0.47  0.21  _            
19.19  0.58  0.44  _            
20.78  1.52  0.71  _            
18.17  0.58  0.22  _            
18.73  0.33  0.19  _            
18.07  0.77  0.27  _            
18.30  1.14  0.53  _            
18.71  1.07  0.38  _            
18.23  0.30  0.09  _            
18.35  0.49  0.16  _            
18.65  0.62  0.24  _            
18.75  0.94  0.32  _            
18.42  0.72  0.26  _            
17.80  0.60  0.23  _            
18.39  0.46  0.23  _            
19.14  0.72  0.25  _            
18.33  0.68  0.26  _            
18.58  0.53  0.19  _            
17.74  0.85  0.25  _            
18.07  0.41 -0.41  _            
18.25  0.40  0.18  _            
18.15  0.37  0.10  _            
16.81  0.37  0.15  _            
18.28  0.25  0.13  _            
18.50  0.35  0.08  _            
18.62  0.39  0.17  _            
17.19  0.34  0.08  _            
18.60  0.65  0.24  _            
19.05  0.82  0.28  _            
18.72  0.88  0.44  _            
18.15  0.41  0.13  _            
17.68  0.51  0.17  _            
18.29  0.39  0.09  _            
19.12  1.06  0.37  _            
17.39  0.58  0.21  _            
18.63  0.62  0.24  _            
19.17  1.24  0.49  _            
18.80  0.49  0.14  _            
17.86  0.42  0.15  _            
18.15  0.26  0.11  _            
18.18  1.42  1.25  _            
19.21  1.33  0.63  _            
17.75  0.36  0.15  _            
19.36  1.35  0.56  _            
20.49  1.59  0.60  _            
17.87  0.47  0.16  _            
18.49  0.87  0.33  _            
18.39  0.52  0.25  _            
18.37  0.48  0.17  _            
18.18  1.09  0.40  _            
19.44  0.98  0.39  _            
18.26  0.65  0.22  _            
20.79  1.36  0.84  _            
20.11  1.41  1.23  _            
18.30  0.51  0.16  _            
18.12  0.52  0.20  _            
18.54  0.78  0.35  _            
18.63  0.48  0.25  _            
18.30  0.68  0.27  _            
17.58  0.27  0.06  _            
18.53  0.87  0.28  _            
18.40  0.91  0.36  _            
18.31  0.49  0.13  _            
17.78  0.67  0.25  _            
18.40  0.95  0.36  _            
18.28  1.07  0.39  _            
18.51  0.85  0.34  _            
19.01  0.47  0.20  _            
18.65  0.81  0.28  _            
20.63  1.22  0.56  _            
18.53  0.52  0.21  _            
16.86  0.55  0.18  _            
17.30  0.38  0.12  _            
16.37  0.50  0.18  _            
18.72  0.76  0.27  _            
19.27  1.16  0.44  _            
21.21  0.42  0.82  _            
20.90  0.56  0.44  _            
20.62  0.49  0.90  _            
19.50  1.46  0.62  _            
19.96  1.25  0.51  _            
16.74  1.45  0.86  _            
18.91  0.04 -0.29  _            
18.44  1.38  1.21  _            
18.59  0.49  0.55  _            
18.74  0.21  0.33  _            
17.51  0.17  0.04  _            
18.37  1.26  0.51  _            
17.07 -0.07 -0.15  _            
18.81  0.62  0.57  _            
20.92  1.49  0.92  _            
18.96  0.26 -0.03  _            
19.03 -0.07  0.27  _            
20.15  0.49  0.26  _            
20.28  0.47  0.12  _            
20.14  0.64  0.13  _            
19.35  1.04  0.64  _            
20.06  0.12  0.35  _            
20.05  0.28 -0.10  _            
20.65  1.62  0.85  _            
19.67  0.11  0.09  _            
20.15  0.61  0.20  _            
20.12  0.29  0.57  _            
20.25  0.62  0.36  _            
19.07  1.45  1.22  _            
19.72  0.93  0.57  _            
18.37  1.39  0.68  _            
18.12  0.50  0.29  _            
18.63  1.08  0.66  _            
17.91  0.36  0.20  _            
15.47  0.48  0.15  _            
15.30  0.51  0.09  _            
17.07  0.49  0.21  _            
18.04  0.64  0.22  _            
18.78  0.76  0.25  _            
19.61  0.63  0.20  _            
19.49  0.72  0.34  _            
20.25  0.63  0.55  _            
19.15  0.60  0.57  _            
19.71  0.52  0.40  _            
19.40  0.89  0.52  _            
20.33  1.03  0.46  _            
18.07  0.39  0.25  _            
20.00  0.83  0.26  _            
16.76  0.40  0.13  _            
18.58  0.53  0.19  _            
19.74  0.50  0.36  _            
16.78  0.43  0.15  _            
19.94  0.97  0.88  _            
19.32  0.60  0.33  _            
20.47  0.83  0.45  _            
20.09  0.91  0.51  _            
19.60  0.70  0.28  _            
20.24  0.94  0.63  _            
20.08  0.72  0.18  _            
18.72 -0.15 -0.11  _            
19.92  0.53  0.24  _            
17.83  0.64  0.27  _            
19.93  0.94  0.49  _            
19.93  0.36  0.43  _            
20.21  0.76  0.60  _            
20.24  0.67  0.52  _            
18.19  0.07  0.21  _            
19.38  0.60  0.03  _            
20.03  0.66  0.51  _            
19.51  0.04  0.18  _            
19.73  0.58  0.26  _            
18.96  0.68  0.29  _            
19.75  1.41  0.44  _            
18.73  0.55  0.18  _            
17.81  0.66  0.26  _            
18.36  1.25  0.57  _            
18.66  0.40  0.24  _            
19.87  0.66  0.37  _            
19.49  0.38  0.18  _            
19.48  0.40 -0.29  _            
19.56  0.67  0.41  _            
19.57  0.74  0.54  _            
18.43  1.34  0.61  _            
16.30  0.57  0.22  _            
19.78  0.55  0.36  _            
19.50  0.66  0.41  _            
20.41  0.63  0.21  _            
19.45  0.59  0.22  _            
18.97  0.57  0.36  _            
18.70  0.55  0.32  _            
19.67  0.72  0.23  _            
18.84  0.94  0.16  _            
20.41  0.82  0.50  _            
19.29  0.38  0.26  _            
19.87  0.97  0.47  _            
18.42  0.44  0.14  _            
19.43  0.18  0.05  _            
19.64  1.12  0.86  _            
19.11  0.87  0.38  _            
19.51  0.64  0.30  _            
18.76  0.56  0.15  _            
18.46 -0.02 -0.05  _            
18.95  0.45  0.14  _            
18.61 -0.22  0.03  _            
19.02  0.95  0.55  _            
21.08  1.65  0.81  _            
19.26  0.57  0.36  _            
19.46  0.71  0.36  _            
18.88  0.51  0.18  _            
20.35  0.86  0.51  _            
17.50  0.49  0.18  _            
19.68  0.83  0.59  _            
19.84  0.81  0.30  _            
18.46  1.02  0.49  _            
18.20 -0.10 -0.02  _            
19.62  1.33  0.53  _            
19.33  0.72  0.42  _            
17.31 -0.08  0.05  _            
19.48  0.82  0.78  _            
20.20  0.79  0.34  _            
18.87  0.27  0.38  _            
18.41  0.40  0.26  _            
19.09  0.86  0.48  _            
19.39  0.98  0.49  _            
20.33  0.83  0.64  _            
19.09  0.57  0.25  _            
19.80 -0.01  1.21  _            
15.88  0.46  0.17  _            
18.32  0.84  0.29  _            
20.24  0.59  0.17  _            
17.78  0.31  0.16  _            
18.15  0.65 -0.93  _            
19.25  0.48  0.45  _            
19.52  0.98  0.27  _            
20.25  0.99  0.32  _            
18.89  0.55  0.40  _            
19.35  0.65  0.62  _            
19.59  0.77  0.45  _            
17.41  0.42  0.15  _            
20.06  0.99  0.52  _            
17.76  0.59  0.22  _            
20.39 -0.62  2.94  _            
17.14  0.41  0.18  _            
19.57  1.14  0.56  _            
20.69  0.83  0.48  _            
19.46  0.53  0.13  _            
19.45  0.67  0.30  _            
19.50  0.38  0.28  _            
17.91  0.01 -0.09  _            
18.81  0.50  0.25  _            
19.00  0.57  0.19  _            
20.09  0.55  0.50  _            
19.17  0.76  0.32  _            
19.94  0.61  0.35  _            
20.09  0.93  0.33  _            
18.30  0.63 -1.99  _            
20.07  1.30  0.53  _            
19.51  0.83  0.54  _            
18.82  0.29  0.11  _            
19.98  0.85  0.59  _            
18.01  0.39  0.17  _            
16.69 -0.78  0.46  _            
18.80  0.46  0.10  _            
15.61  0.58  0.24  _            
18.80  0.69  0.28  _            
16.04  0.48  0.18  _            
19.33  0.80  0.39  _            
18.78  0.73  0.29  _            
19.27  0.39  1.21  _            
19.89  0.40  0.26  _            
18.06  0.55  0.30  _            
19.21  0.83  0.40  _            
18.38  0.79  0.29  _            
16.36  0.51  0.21  _            
18.35  0.68  0.44  _            
18.26  0.52  0.17  _            
19.81  0.69  0.30  _            
16.44  0.39  0.13  _            
18.42  1.42  0.59  _            
18.62  0.49  0.23  _            
18.52  0.43  0.16  _            
16.15  0.45  0.17  _            
17.78  0.63  0.18  _            
17.70  0.63  0.29  _            
17.16  0.21  0.14  _            
18.78  1.44  1.45  _            
17.99  0.85  0.31  _            
17.13  0.89  0.34  _            
19.81  0.56  0.48  _            
19.61  0.52  0.26  _            
19.37  1.28  0.58  _            
17.59  0.28  0.08  _            
18.93  0.92  0.38  _            
19.97  0.74  0.34  _            
19.43  0.80  0.66  _            
20.63  1.50  1.14  _            
19.08  1.11  0.41  _            
19.03  0.58  0.27  _            
20.78  1.09  0.61  _            
18.52 -0.22 -0.13  _            
20.18  1.29  0.51  _            
19.87  0.34  0.55  _            
19.43  1.33  1.70  _            
19.71  0.57  0.43  _            
18.49  0.54  0.27  _            
18.41  0.30 -0.46  _            
19.47  0.57  0.52  _            
19.78  0.79  0.50  _            
19.82  0.36  0.44  _            
18.81  0.78  0.38  _            
20.55  1.21  1.19  _            
17.94 -0.22 -0.14  _            
19.83  1.46  1.10  _            
19.15  0.83  0.35  _            
19.09  0.34  0.13  _            
19.58  0.14  0.31  _            
21.22  1.19 -0.79  _            
19.11  0.81  0.28  _            
17.44  0.91  0.38  _            
19.34  1.34  0.63  _            
20.56  0.71  0.82  _            
18.59  0.64  0.32  _            
18.56  0.64  0.28  _            
19.97  1.45  0.68  _            
18.87  0.35  0.08  _            
19.98  1.65 -0.40  _            
18.27  0.72  0.27  _            
20.06  0.91  0.86  _            
18.89  0.46  0.18  _            
18.35  0.23  0.15  _            
20.32  1.41  0.93  _            
19.85  0.32  0.33  _            
18.01  0.12  0.23  _            
18.67  0.12  0.05  _            
17.63  0.14 -0.09  _            
16.80 -0.12 -0.32  _            
19.15  0.64  0.32  _            
19.88  0.71  0.47  _            
18.14 -0.02 -2.50  _            
19.42  0.68  0.30  _            
19.39  0.38  0.28  _            
19.87  0.75  0.47  _            
19.20  0.55  0.15  _            
15.81  0.14 -0.36  _            
19.30  0.22  0.16  _            
18.46  0.56  0.15  _            
19.25  0.56  0.06  _            
20.65  0.95  0.99  _            
17.76  0.13 -0.07  _            
18.60  0.76  0.42  _            
20.06  1.28  0.82  _            
20.24  0.75  0.45  _            
19.31  0.79  0.17  _            
18.15  1.48  1.09  _            
19.91  1.28  0.60  _            
19.51  0.85  0.42  _            
19.86  1.49  0.92  _            
19.97  1.42  0.73  _            
19.18  0.71 -0.46  _            
20.42  1.44  0.88  _            
18.82  0.50  0.27  _            
18.75  0.41  0.10  _            
18.85  0.63  0.33  _            
19.55  0.83  0.28  _            
20.26  1.19  0.67  _            
18.73  0.72  0.27  _            
20.91  1.43 -0.60  _            
16.91  0.44  0.16  _            
19.63  0.67  0.41  _            
19.40  0.44  0.37  _            
19.57  0.63  0.46  _            
17.95  0.18  0.07  _            
18.93  0.59  0.54  _            
18.54  0.37  0.15  _            
20.96  0.98  0.48  _            
21.69  0.36  1.07  _            
19.96  0.55  0.62  _            
19.60  0.13  0.33  _            
17.08  0.72  0.26  _            
18.75  0.12  0.13  _            
19.91  0.95  0.73  _            
20.27  0.81  0.27  _            
18.08 -0.04 -0.04  _            
20.43  0.80  0.49  _            
18.77  0.70  0.30  _            
19.77  0.75  0.37  _            
19.60  0.82  0.39  _            
19.15  0.91  0.34  _            
19.93  0.60  0.19  _            
17.73  0.55  0.21  _            
20.03  0.68  0.27  _            
18.38  0.65  0.22  _            
18.90  0.22  0.06  _            
18.34  0.86  0.26  _            
17.89  0.28  0.11  _            
15.94  0.44  0.15  _            
18.91  1.03  0.38  _            
17.46  0.54  0.21  _            
17.88  0.45  0.18  _            
18.45  0.46  0.17  _            
19.19  0.51  0.18  _            
18.13  0.40  0.13  _            
19.45  0.64  0.20  _            
15.74  1.07  0.41  _            
19.23  1.08  0.43  _            
18.54  0.45  0.15  _            
17.58  0.90  0.26  _            
17.27  0.37  0.13  _            
18.51  0.35  0.13  _            
16.67  0.45  0.17  _            
18.09  0.84  0.29  _            
17.83  0.64  0.23  _            
19.05  0.71  0.26  _            