# This is the online version of Table 2 of G2C2 I (Vanderbeke et al. 2013): magnitudes based on CTIO data. 
# Default values are -100 in the table below. 
# Columns are ID, g, sigma_g, r, sigma_r, i, sigma_i, z, sigma_z, CMD_g, CMD_r, CMD_i, CMD_z,
# with CMD_{g,r,i,z} the applied magnitude corrections to clean foreground stars based on the CMDs. 

 NGC104     ,      4.912     ,      0.030     , -100     , -100     , -100     , -100     ,      3.677     ,      0.044     ,      0.00     , -100     , -100     ,      0.00  
 NGC288     ,      9.080     ,      0.032     ,      8.600     ,      0.045     ,      8.295     ,      0.044     ,      8.139     ,      0.044     ,      0.00     ,      0.00     ,      0.00     ,      0.00  
 NGC362     ,      7.471     ,      0.030     ,      6.925     ,      0.043     ,      6.618     ,      0.043     ,      6.419     ,      0.043     ,      0.01     ,      0.02     ,      0.02     ,      0.03  
NGC1261     ,      9.474     ,      0.031     ,      8.995     ,      0.045     ,      8.744     ,      0.045     ,      8.582     ,      0.045     ,      0.03     ,      0.05     ,      0.06     ,      0.06  
    AM1     ,     15.958     ,      0.035     ,     15.582     ,      0.046     ,     15.219     ,      0.047     ,     15.159     ,      0.056     ,      0.07     ,      0.13     ,      0.14     ,      0.16  
NGC1851     ,      8.280     ,      0.031     ,      7.703     ,      0.044     ,      7.413     ,      0.044     ,      7.194     ,      0.044     ,      0.03     ,      0.04     ,      0.05     ,      0.05  
NGC1904     ,      9.006     ,      0.030     ,      8.570     ,      0.044     ,      8.351     ,      0.044     ,      8.178     ,      0.044     ,      0.02     ,      0.04     ,      0.05     ,      0.05  
NGC2298     ,      9.650     ,      0.039     ,      9.287     ,      0.050     ,      9.036     ,      0.052     ,      8.865     ,      0.054     ,      0.06     ,      0.10     ,      0.10     ,      0.10  
NGC2808     ,      6.695     ,      0.030     ,      6.194     ,      0.044     ,      5.916     ,      0.044     ,      5.725     ,      0.044     ,      0.00     ,      0.00     ,      0.00     ,      0.00  
     E3     ,     10.787     ,      0.041     , -100     , -100     , -100     , -100     ,     10.368     ,      0.072     ,      0.00     , -100     , -100     ,      0.00  
   Pal3     ,     15.238     ,      0.044     , -100     , -100     , -100     , -100     ,     15.412     ,      0.232     ,      0.00     , -100     , -100     ,      0.00  
NGC3201     ,      7.006     ,      0.033     , -100     , -100     , -100     , -100     , -100     , -100     ,      0.01     , -100     , -100     ,      0.00  
NGC4372     ,      6.489     ,      0.031     , -100     , -100     , -100     , -100     ,      5.796     ,      0.044     ,      0.00     , -100     , -100     ,      0.00  
 Rup106     ,     11.981     ,      0.031     , -100     , -100     , -100     , -100     ,     11.204     ,      0.168     ,      0.59     , -100     , -100     ,      0.69  
NGC4590     ,      8.903     ,      0.037     , -100     , -100     , -100     , -100     ,      8.127     ,      0.054     ,      0.00     , -100     , -100     ,      0.00  
NGC4833     ,      7.034     ,      0.034     , -100     , -100     , -100     , -100     , -100     , -100     ,      0.03     , -100     , -100     ,      0.02  
NGC5139     ,      4.131     ,      0.030     , -100     , -100     , -100     , -100     ,      3.198     ,      0.044     ,      0.01     , -100     , -100     ,      0.01  
NGC5286     ,      7.551     ,      0.030     , -100     , -100     , -100     , -100     ,      6.664     ,      0.044     ,      0.00     , -100     , -100     ,      0.00  
NGC5634     ,     10.060     ,      0.030     , -100     , -100     , -100     , -100     ,      9.205     ,      0.046     ,      0.00     , -100     , -100     ,      0.00  
NGC5694     ,     10.781     ,      0.030     , -100     , -100     , -100     , -100     ,      9.899     ,      0.044     ,      0.00     , -100     , -100     ,      0.00  
 IC4499     ,     10.256     ,      0.032     ,      9.820     ,      0.044     ,      9.520     ,      0.044     ,      9.372     ,      0.044     ,      0.18     ,      0.24     ,      0.23     ,      0.22  
NGC5824     ,      9.321     ,      0.030     ,      8.876     ,      0.043     ,      8.648     ,      0.043     ,      8.477     ,      0.043     ,      0.00     ,      0.00     ,      0.00     ,      0.00  
NGC5897     ,      9.171     ,      0.031     ,      8.835     ,      0.044     ,      8.542     ,      0.044     ,      8.414     ,      0.044     ,      0.03     ,      0.04     ,      0.04     ,      0.04  
NGC5904     ,      6.861     ,      0.030     , -100     , -100     , -100     , -100     ,      5.867     ,      0.045     ,      0.00     , -100     , -100     ,      0.00  
NGC5927     ,      7.785     ,      0.030     ,      7.184     ,      0.043     ,      6.816     ,      0.044     ,      6.521     ,      0.045     ,      0.00     ,      0.00     ,      0.00     ,      0.00  
NGC5946     ,      8.340     ,      0.031     ,      7.889     ,      0.044     ,      7.645     ,      0.045     ,      7.477     ,      0.045     ,      0.30     ,      0.14     ,      0.08     ,      0.05  
NGC5986     ,      7.794     ,      0.031     ,      7.349     ,      0.045     ,      7.072     ,      0.044     ,      6.894     ,      0.044     ,      0.06     ,      0.03     ,      0.02     ,      0.02  
NGC6093     ,      7.924     ,      0.030     ,      7.417     ,      0.044     ,      7.148     ,      0.044     ,      6.939     ,      0.044     ,      0.00     ,      0.00     ,      0.00     ,      0.00  
NGC6121     ,      5.251     ,      0.031     , -100     , -100     , -100     , -100     ,      4.435     ,      0.044     ,      0.03     , -100     , -100     ,      0.02  
NGC6101     ,     10.171     ,      0.032     ,      9.736     ,      0.045     ,      9.460     ,      0.044     ,      9.301     ,      0.046     ,      0.00     ,      0.00     ,      0.00     ,      0.00  
NGC6144     ,      7.876     ,      0.031     ,      7.811     ,      0.044     ,      7.689     ,      0.044     ,      7.602     ,      0.044     ,      0.19     ,      0.13     ,      0.09     ,      0.07  
NGC6139     ,      7.375     ,      0.030     , -100     , -100     , -100     , -100     ,      6.623     ,      0.044     ,      0.00     , -100     , -100     ,      0.00  
NGC6171     ,      8.084     ,      0.032     , -100     , -100     , -100     , -100     ,      7.109     ,      0.050     ,      0.00     , -100     , -100     ,      0.00  
NGC6218     ,      7.691     ,      0.036     , -100     , -100     , -100     , -100     ,      6.653     ,      0.053     ,      0.00     , -100     , -100     ,      0.00  
NGC6235     ,      9.542     ,      0.036     , -100     , -100     , -100     , -100     ,      8.552     ,      0.064     ,      0.00     , -100     , -100     ,      0.00  
NGC6254     ,      6.842     ,      0.031     , -100     , -100     , -100     , -100     , -100     , -100     , -100     , -100     , -100     , -100  
NGC6273     ,      6.909     ,      0.031     , -100     , -100     , -100     , -100     ,      5.801     ,      0.044     ,      0.00     , -100     , -100     ,      0.00  
NGC6284     ,      9.247     ,      0.030     , -100     , -100     , -100     , -100     ,      8.145     ,      0.044     ,      0.00     , -100     , -100     ,      0.00  
NGC6287     ,      8.121     ,      0.030     ,      7.811     ,      0.046     ,      7.580     ,      0.045     ,      7.426     ,      0.044     ,      0.00     ,      0.00     ,      0.00     ,      0.00  
NGC6293     ,      7.440     ,      0.030     , -100     , -100     , -100     , -100     ,      6.999     ,      0.044     ,      0.00     , -100     , -100     ,      0.05  
NGC6304     ,      7.677     ,      0.030     , -100     , -100     , -100     , -100     ,      6.313     ,      0.044     ,      0.00     , -100     , -100     ,      0.00  
NGC6316     ,      8.131     ,      0.030     , -100     , -100     , -100     , -100     ,      7.090     ,      0.043     ,      0.00     , -100     , -100     ,      0.00  
NGC6333     ,      7.467     ,      0.032     , -100     , -100     , -100     , -100     ,      6.676     ,      0.044     ,      0.00     , -100     , -100     ,      0.00  
NGC6342     ,      9.327     ,      0.031     , -100     , -100     , -100     , -100     ,      8.231     ,      0.044     ,      0.00     , -100     , -100     ,      0.00  
NGC6356     ,      8.499     ,      0.031     , -100     , -100     , -100     , -100     ,      7.231     ,      0.048     ,      0.01     , -100     , -100     ,      0.03  
NGC6355     ,      7.413     ,      0.039     , -100     , -100     , -100     , -100     ,      6.908     ,      0.049     ,      0.00     , -100     , -100     ,      0.00  
NGC6352     ,      7.788     ,      0.035     , -100     , -100     , -100     , -100     ,      6.562     ,      0.044     ,      0.00     , -100     , -100     ,      0.00  
 IC1257     , -100     , -100     ,     10.927     ,      0.045     ,     10.719     ,      0.046     , -100     , -100     ,      -100    ,      0.12     ,      0.13     ,      -100 
NGC6366     ,      7.736     ,      0.031     , -100     , -100     , -100     , -100     ,      6.769     ,      0.044     ,      0.23     , -100     , -100     ,      0.10  
NGC6362     ,      8.429     ,      0.031     , -100     , -100     , -100     , -100     ,      7.334     ,      0.044     ,      0.00     , -100     , -100     ,      0.00  
NGC6388     ,      6.962     ,      0.030     , -100     , -100     , -100     , -100     ,      5.754     ,      0.044     ,      0.00     , -100     , -100     ,      0.00  
NGC6402     ,      7.503     ,      0.030     , -100     , -100     , -100     , -100     ,      6.203     ,      0.044     ,      0.00     , -100     , -100     ,      0.00  
NGC6401     ,      7.373     ,      0.036     , -100     , -100     , -100     , -100     , -100     , -100     , -100     , -100     , -100     , -100  
NGC6397     , -100     , -100     , -100     , -100     , -100     , -100     ,      5.450     ,      0.044     ,      0.00     , -100     , -100     ,      0.00  
NGC6426     ,     11.051     ,      0.031     , -100     , -100     , -100     , -100     ,     10.030     ,      0.044     ,      0.00     , -100     , -100     ,      0.00  
NGC6440     ,      7.504     ,      0.030     , -100     , -100     , -100     , -100     ,      6.080     ,      0.044     ,      0.00     , -100     , -100     ,      0.00  
NGC6441     ,      6.635     ,      0.030     , -100     , -100     , -100     , -100     ,      5.700     ,      0.044     ,      0.00     , -100     , -100     ,      0.00  
NGC6453     ,      9.016     ,      0.031     ,      8.381     ,      0.044     , -100     , -100     , -100     , -100     , -100     , -100     , -100     , -100  
NGC6496     ,     10.095     ,      0.055     , -100     , -100     , -100     , -100     , -100     , -100     ,      0.49     , -100     , -100     ,      0.55  
NGC6517     ,      8.298     ,      0.030     ,      7.918     ,      0.043     ,      7.613     ,      0.044     ,      7.411     ,      0.044     ,      0.00     ,      0.00     ,      0.00     ,      0.00  
NGC6539     ,      7.740     ,      0.036     ,      7.148     ,      0.044     ,      6.738     ,      0.044     ,      6.457     ,      0.045     ,      0.22     ,      0.14     ,      0.12     ,      0.11  
NGC6544     ,      3.941     ,      0.033     ,      4.341     ,      0.045     , -100     , -100     , -100     , -100     , -100     , -100     , -100     , -100  
NGC6541     ,      7.262     ,      0.031     , -100     , -100     , -100     , -100     , -100     , -100     ,      0.00     , -100     , -100     ,      0.01  
NGC6553     ,      5.254     ,      0.030     ,      5.145     ,      0.044     ,      4.966     ,      0.044     ,      4.822     ,      0.044     ,      0.19     ,      0.09     ,      0.06     ,      0.04  
NGC6558     ,      7.751     ,      0.035     ,      7.238     ,      0.045     ,      6.976     ,      0.045     ,      6.866     ,      0.044     ,      0.00     ,      0.00     ,      0.00     ,      0.00  
 IC1276     ,      6.814     ,      0.037     ,      6.427     ,      0.044     ,      6.148     ,      0.044     ,      6.016     ,      0.045     ,      0.19     ,      0.14     ,      0.18     ,      0.22  
NGC6569     ,      8.801     ,      0.031     ,      8.048     ,      0.044     ,      7.605     ,      0.044     ,      7.278     ,      0.044     ,      0.05     ,      0.04     ,      0.03     ,      0.04  
NGC6584     ,      9.793     ,      0.032     ,      9.279     ,      0.051     ,      9.017     ,      0.048     ,      8.947     ,      0.045     ,      0.00     ,      0.00     ,      0.00     ,      0.00  
NGC6624     ,      8.341     ,      0.031     ,      7.696     ,      0.044     ,      7.285     ,      0.046     ,      7.009     ,      0.049     ,      0.00     ,      0.00     ,      0.00     ,      0.00  
NGC6626     ,      6.180     ,      0.030     ,      5.706     ,      0.044     ,      5.424     ,      0.044     , -100     , -100     , -100     , -100     , -100     , -100  
NGC6638     ,      8.977     ,      0.031     ,      8.351     ,      0.044     ,      8.033     ,      0.044     ,      7.849     ,      0.044     ,      0.00     ,      0.00     ,      0.00     ,      0.00  
NGC6637     ,      8.295     ,      0.064     ,      7.693     ,      0.048     ,      7.306     ,      0.049     , -100     , -100     ,      0.00     ,      0.00     ,      0.00     ,      0.00  
NGC6642     ,      9.309     ,      0.032     , -100     , -100     , -100     , -100     ,      8.152     ,      0.046     ,      0.11     , -100     , -100     ,      0.12  
NGC6652     ,      9.818     ,      0.031     , -100     , -100     , -100     , -100     ,      8.737     ,      0.046     ,      0.00     , -100     , -100     ,      0.00  
   Pal8     ,     10.569     ,      0.031     , -100     , -100     , -100     , -100     ,      9.349     ,      0.045     ,      0.01     , -100     , -100     ,      0.11  
NGC6681     ,      8.859     ,      0.030     , -100     , -100     , -100     , -100     , -100     , -100     ,      0.00     , -100     , -100     ,      0.00  
NGC6712     ,      7.955     ,      0.030     , -100     , -100     , -100     , -100     , -100     , -100     ,      0.00     , -100     , -100     ,      0.00  
NGC6715     ,      7.973     ,      0.030     , -100     , -100     , -100     , -100     ,      6.946     ,      0.043     ,      0.00     , -100     , -100     ,      0.00  
NGC6723     ,      7.585     ,      0.031     , -100     , -100     , -100     , -100     ,      6.810     ,      0.045     ,      0.00     , -100     , -100     ,      0.00  
NGC6749     ,      6.735     ,      0.045     , -100     , -100     , -100     , -100     ,      6.341     ,      0.044     ,      0.41     , -100     , -100     ,      0.05  
NGC6760     ,      8.304     ,      0.030     , -100     , -100     , -100     , -100     ,      6.522     ,      0.044     ,      0.00     , -100     , -100     ,      0.00  
NGC6779     ,      8.613     ,      0.030     ,      8.138     ,      0.044     ,      7.879     ,      0.044     ,      7.748     ,      0.044     ,      0.00     ,      0.00     ,      0.00     ,      0.00  
Terzan7     ,     12.469     ,      0.031     , -100     , -100     , -100     , -100     ,     11.567     ,      0.044     , 0.00    , -100     , -100     , 0.00  
  Pal10     ,      7.862     ,      0.039     ,      7.498     ,      0.050     ,      7.328     ,      0.056     ,      7.216     ,      0.047     ,      1.33     ,      0.62     ,      0.39     ,      0.33  
  Pal11     ,     11.439     ,      0.034     , -100     , -100     , -100     , -100     ,     10.413     ,      0.048     ,      0.00     , -100     , -100     ,      0.00  
NGC6838     ,      7.973     ,      0.039     , -100     , -100     , -100     , -100     , -100     , -100     ,      0.00     , -100     , -100     ,      0.00  
NGC6864     ,      9.167     ,      0.030     ,      8.608     ,      0.044     ,      8.320     ,      0.044     ,      8.099     ,      0.044     ,      0.00     ,      0.00     ,      0.00     ,      0.00  
NGC6934     ,      9.460     ,      0.030     ,      9.007     ,      0.045     ,      8.754     ,      0.045     ,      8.572     ,      0.044     ,      0.00     ,      0.00     ,      0.00     ,      0.00  
NGC6981     ,     10.132     ,      0.031     ,      9.666     ,      0.045     ,      9.391     ,      0.045     ,      9.213     ,      0.046     ,      0.00     ,      0.00     ,      0.00     ,      0.00  
NGC7006     ,     11.357     ,      0.030     , -100     , -100     , -100     , -100     ,     10.423     ,      0.045     ,      0.03     , -100     , -100     ,      0.02  
NGC7078     ,      7.101     ,      0.030     ,      6.692     ,      0.044     ,      6.439     ,      0.044     ,      6.288     ,      0.044     ,      0.00     ,      0.00     ,      0.00     ,      0.00  
NGC7089     ,      7.297     ,      0.030     ,      6.836     ,      0.044     ,      6.567     ,      0.044     ,      6.384     ,      0.044     ,      0.00     ,      0.01     ,      0.00     ,      0.00  
NGC7099     ,      8.306     ,      0.030     , -100     , -100     , -100     , -100     ,      7.501     ,      0.044     ,      0.00     , -100     , -100     ,      0.00  
  Pal12     ,     12.489     ,      0.030     ,     11.826     ,      0.043     ,     11.482     ,      0.044     ,     11.345     ,      0.045     ,      1.38     ,      1.24     ,      1.15     ,      1.06  
  Pal13     ,     15.938     ,      0.040     ,     15.690     ,      0.048     ,     15.244     ,      0.051     ,     15.843     ,      0.112     ,      0.00     ,      0.00     ,      0.00     ,      0.00  
NGC7492     ,     12.197     ,      0.038     ,     11.824     ,      0.045     ,     11.570     ,      0.044     ,     11.560     ,      0.046     ,      0.00     ,      0.00     ,      0.00     ,      0.00  


