CGF_9-5    3 34 57.23  -35 12 24.7  S/BCD?    19.06    2.1  1.7  21.61                                   21.47  1.82  d
CGF_9-2    3 34 59.79  -35 09 58.1  S         18.24    4.0  3.6  21.57                                   21.64  5.10  b
CGF_9-3    3 35 02.47  -35 11 49.6  Sc/I?     18.39 n  2.3  1.9  21.42                                   21.43  2.01  d
CGF_9-14   3 35 04.81  -35 15 04.3  S?        20.15    1.2  0.6  21.38                                   21.06  0.76  e
CGF_9-6    3 35 05.48  -35 13 06.5  dE        19.06    4.2  3.8  23.24  1.29  23.70                      23.44  3.63  d
CGF_9-7    3 35 06.52  -35 10 54.1  E         19.28    0.8              0.47  18.46  0.05  14.79   1.71               
CGF_9-4    3 35 10.78  -35 16 18.3  Sc        18.54    1.7  1.3  21.10                                   21.28  1.50  d
CGF_9-9    3 35 14.57  -35 14 04.6  S         19.94    1.1  0.5  20.39                         
CGF_9-15   3 35 23.45  -35 15 30.9  dE?/S?    20.36 n  1.2  0.6  21.85  1.25  22.93                      22.41  1.14  e
CGF_9-1    3 35 25.07  -35 16 09.6  S0        17.74    1.1  0.4  19.12                                   21.83  2.66  b
CGF_9-10   3 35 26.55  -35 11 19.1  E?        20.03    1.2  0.6  21.39  0.62  19.84  0.21  13.84   0.86     
CGF_9-11   3 35 29.02  -35 15 11.1  S?        20.08    0.9  0.2  19.71                                   21.37  0.85  e
CGF_9-12   3 35 30.48  -35 15 05.9  dE        20.09 n  5.6  5.3  23.51  1.51  24.61                      24.30  5.56  e
CGF_9-16   3 35 31.36  -35 14 41.0  E/S0?     20.49    0.7              0.30   7.14  0.00   5.75   0.07  20.27  0.46  
CGF_8-7    3 35 58.21  -35 29 57.7  S?        20.44    1.4  0.9  22.08                       
CGF_8-1    3 36 03.94  -35 23 20.5  dEN       17.63 n  1.6  1.1  22.15  1.17  23.50                      23.36  7.16  n
CGF_8-3    3 36 06.55  -35 25 54.5  dE        19.66    3.9  3.5  23.54  1.48  24.49                      24.16  3.55  e
CGF_8-2    3 36 13.38  -35 26 04.9  E/S0?     19.41    0.9              0.24  10.41  0.00  11.12   0.44  20.97  0.94  
CGF_8-8    3 36 15.55  -35 23 51.7  (d?)S0?   20.48    1.3  0.7  21.96                                   22.36  1.13  e
CGF_8-6    3 36 26.28  -35 26 24.6  S/S0?     20.33 n  1.1  0.4  20.80                                                e
CGF_8-4    3 36 27.47  -35 26 02.3  Sc        19.95    1.4  0.9  21.54                                   21.89  1.37  d
CGF_6-3    3 36 44.44  -35 33 48.1  Sbc       18.88    2.3  1.9  21.68                                   21.82  2.90  b
CGF_6-4    3 36 45.15  -35 31 48.5  S/Irr?    19.04    1.3  0.7  20.40                                   20.46  1.09  e
CGF_6-14   3 36 46.46  -35 29 45.6  S?        20.41    1.4  0.8  21.59                        
CGF_6-10   3 36 48.73  -35 27 50.9  S?        20.14    1.8  1.3  22.16                                   21.40  0.91  d
CGF_6-6    3 36 48.98  -35 31 52.7  Sc        19.10    1.0  0.4  19.95                                   21.51  1.32  b
CGF_6-12   3 36 51.43  -35 26 50.8  E         20.19    0.9              0.29  15.45  0.00  13.93   0.88     
CGF_6-2    3 36 56.93  -35 28 21.4  Sc        18.51    3.8  3.5  21.67                                   21.75  4.51  d
CGF_6-7    3 36 57.85  -35 33 52.4  E         19.35    1.2  0.6  20.26  0.23  14.23  0.00  14.75   1.54               
CGF_6-5    3 36 58.50  -35 29 45.5  dEN?      19.08 n  1.1  0.5  20.72  1.22  24.10                      23.93  6.32  n
CGF_6-11   3 36 59.62  -35 29 51.5  E?        20.19 n  0.9              0.17  17.01  0.00  19.35  14.48               
CGF_6-8    3 37 00.58  -35 32 12.5  Sb(LSB?)  19.97    1.4  0.9  22.08                                   23.41  3.15  e
CGF_6-1    3 37 01.46  -35 33 58.9  Sc        18.21    2.4  2.0  21.48                                   21.41  2.21  e
CGF_6-9    3 37 08.91  -35 33 36.9  E/S0?     20.03 n  0.9              0.51  21.13  0.00  17.17   3.61  22.89  1.55  
CGF_3-18   3 37 53.46  -35 31 24.8  S         20.44    1.9  1.5  21.98                                   22.09  1.48  e
CGF_4-11   3 37 54.03  -35 22 00.0  E/S0      20.08    0.7              0.36  14.29  0.00  10.89   0.29  20.88  0.65  
CGF_4-13   3 37 54.40  -35 22 04.8  ?         20.20 n  0.9  0.4  20.70  0.35  16.63  0.00  13.51   0.70  21.27  0.72  
CGF_4-10   3 37 55.62  -35 22 18.6  S         20.06    1.2  0.8  21.26                                   21.91  1.58  e
CGF_4-15   3 37 58.22  -35 20 28.9  E/S0?     20.48    0.6              0.67  20.90  0.34  16.16   2.05  22.03  0.91  
CGF_4-14   3 38 00.85  -35 27 11.4  S         20.35    2.3  1.9  22.18                                   21.17  0.98  d
CGF_3-19   3 38 01.82  -35 29 57.6  S?        20.47    1.3  0.8  21.51                                   22.08  1.25  e
CGF_3-9    3 38 01.97  -35 32 37.5  S(B)a?    18.91    0.7                                               21.38  1.31  b
CGF_3-10   3 38 02.09  -35 29 39.8  S?        18.95    2.2  1.8  21.55                                   21.89  1.89  d
CGF_3-17   3 38 02.18  -35 28 14.9  S?        20.26    1.1  0.5  20.87                         
CGF_4-3    3 38 05.25  -35 22 39.4  S         18.88    1.1  0.6  20.29                                   21.76  3.12  b
CGF_3-8    3 38 05.89  -35 29 46.0  S         18.70    1.7  1.2  20.53                                   20.56  1.37  e
CGF_3-5    3 38 05.98  -35 32 19.1  E         18.05    0.8              0.24  15.60  0.00  15.62   4.85               
CGF_4-1    3 38 06.54  -35 26 24.4  dEN       14.88    1.1  0.7  18.90  0.92  20.34                      20.48  6.74  n
CGF_3-7    3 38 06.58  -35 29 08.9  Sb        18.52 n  1.6  1.1  21.26                                   22.38  3.24  b
CGF_3-15   3 38 07.71  -35 27 59.2  S?        20.00    1.5  1.0  21.35                                   21.35  0.93  e
CGF_4-4    3 38 09.43  -35 25 43.0  E         18.92    1.2  0.7  20.39  0.28  14.37  0.00  13.38   1.21               
CGF_4-12   3 38 12.70  -35 26 15.0  S         20.10 n  1.4  1.0  20.99                                   19.95  0.67  d
CGF_4-7    3 38 13.10  -35 25 30.6  S0/E?     19.44 n  0.8              0.52  19.21  0.16  14.00   1.33  21.52  1.28  b
CGF_3-3    3 38 13.70  -35 30 57.4  S         17.31    2.7  2.3  20.86                                   21.21  4.49  b
CGF_4-6    3 38 15.02  -35 27 33.5  S         19.16 n  1.4  1.0  20.95                                   22.22  2.60  b
CGF_3-13   3 38 16.61  -35 30 11.0  Sc(pec)   19.48 n  2.9  2.5  21.63                                   21.59  2.22  e
CGF_3-1    3 38 16.67  -35 30 27.9  dE        16.97 n  4.8  4.5  21.73  1.09  22.19                      22.11  5.31  d
CGF_4-8    3 38 17.78  -35 26 43.7  Sb?       19.95 n  1.1  0.7  20.74                          
CGF_3-2    3 38 18.71  -35 31 52.1  dEN       17.21    0.9              1.18  23.05                      22.98  6.57  n
CGF_3-11   3 38 21.30  -35 28 50.3  S?        19.05    2.5  2.1  21.76                                   22.15  2.30  e
CGF_3-6    3 38 21.79  -35 32 58.0  Sa        18.33    0.9                                               21.74  2.61  b
CGF_3-12   3 38 23.07  -35 28 07.2  Sc?       19.27 n  2.0  1.6  21.31                                   20.95  1.15  e
CGF_4-2    3 38 23.49  -35 24 06.4  Sa        17.46    1.4  1.0  20.34                                   21.02  2.41  b
CGF_3-4    3 38 25.83  -35 33 28.4  ring?     17.95    0.9                                               21.42  1.95 
CGF_4-9    3 38 26.36  -35 26 50.8  S/Irr?    20.05 n  0.9  0.4  20.00                                   21.83  1.68  b
CGF_4-5    3 38 26.39  -35 26 49.0  Irr/S?    19.11 n  2.8  2.5  21.56                                   21.91  2.63  d
CGF_3-14   3 38 27.66  -35 28 50.7  E/S0?     19.89    1.1  0.5  20.39  0.19  12.72  0.00  15.40   2.15  21.32  1.00  
CGF_1-32   3 38 28.68  -35 28 47.1  Irr?      20.47 n  1.1  0.7  21.19                          
CGF_1-11   3 38 28.89  -35 28 24.6  S0        18.74 n  0.7                                               20.25  0.90  e
CGF_1-8    3 38 29.08  -35 27 43.5  S0?       18.38 n  1.1  0.7  20.02                                   20.57  1.43  b
CGF_1-1    3 38 29.16  -35 28 08.6  E(cD)     16.28 n  1.2  0.8  18.34  0.09   3.48  0.00  14.60   5.16                
CGF_1-20   3 38 29.38  -35 29 03.0  E         19.60    0.6              0.28  14.78  0.00  13.81   1.03               
CGF_2-3    3 38 32.17  -35 24 30.2  E/S0      18.35    0.6              0.70  19.54  0.44  13.16   1.10  20.58  1.11  
CGF_1-15   3 38 32.96  -35 30 12.4  E         19.09 n  0.6              0.21  15.34  0.00  16.46   4.51               
CGF_1-18   3 38 35.93  -35 31 13.5  Sb        19.16 n  1.8  1.4  21.40                                   21.26  1.58  e
CGF_1-37   3 38 37.07  -35 27 09.2  S?        20.66 n  0.9  0.4  21.47                                   22.56  1.09  e
CGF_2-28   3 38 39.38  -35 24 30.8  dI(S0?)   20.44 n  1.1  0.7  21.56                                   22.05  1.28  e
CGF_2-9    3 38 40.58  -35 20 24.5  Sbc       19.16 n  1.1  0.7  20.35                                   20.86  1.39  d
CGF_1-9    3 38 40.93  -35 27 26.7  S0?       18.48    0.6                                               20.81  1.15  b
CGF_1-12   3 38 41.61  -35 27 25.1  Sa?       18.83 n  0.8  0.3  19.12                                   21.10  1.61  b
CGF_2-25   3 38 41.61  -35 20 15.6  E         20.40    0.7              0.22  13.27  0.00  14.46   0.91               
CGF_1-5    3 38 42.02  -35 27  2.0  S?        17.99    1.0  0.6  19.67                                   19.63  1.27  b
CGF_1-44   3 38 42.26  -35 33 08.2  dE        20.88 n  2.0  1.7  23.08  1.40  24.36                      23.97  3.16  e
CGF_1-27   3 38 42.52  -35 30 49.2  S         20.35    0.9  0.5  20.77                                   21.52  0.96  e
CGF_2-1    3 38 43.61  -35 25 35.6  Sa        17.66    0.9  0.4  19.00                                   20.85  3.91  b
CGF_2-24   3 38 44.67  -35 22 02.1  E?        20.20    0.6              0.23  16.99  0.00  16.23   2.19     
CGF_2-5    3 38 44.74  -35 25 06.5  S(B)?     18.59    0.8  0.3  19.49                                   21.02  1.47  b
CGF_1-3    3 38 44.75  -35 27 01.3  Sbc       17.48    1.2  0.8  19.20                                   19.77  1.41  b
CGF_2-21   3 38 45.14  -35 23 15.3  (d?)I     20.05 n  1.2  0.8  22.06                                   22.58  1.48  e
CGF_1-14   3 38 45.47  -35 29 53.9  S0        19.08    0.6                                               19.85  0.70  e
CGF_2-22   3 38 45.75  -35 23 19.3  Sc?       20.12    1.0  0.6  20.77                          
CGF_2-2    3 38 45.97  -35 22 52.3  E(pec)    17.82    0.5              0.26  14.85  0.00  14.47   2.81              
CGF_2-18   3 38 46.15  -35 22 35.2  E         19.91    0.7              0.42  19.92  0.09  17.25   5.13               
CGF_2-17   3 38 46.44  -35 20 55.9  Irr(LSB)  19.82    1.6  1.3  22.17                                   22.46  1.69  e
CGF_2-27   3 38 46.72  -35 22 10.5  (d?)Irr   20.43    1.2  0.8  21.34                                   21.18  0.81  d
CGF_1-21   3 38 48.20  -35 33 18.9  E/S0      19.61    0.6              0.36  16.30  0.00  13.70   0.63  21.00  0.83  
CGF_2-12   3 38 48.53  -35 24 31.7  S         19.29 n  2.0  1.7  21.38                                   20.98  1.51  d
CGF_1-13   3 38 49.07  -35 33 44.1  Sc        18.97    2.3  2.0  21.70                                   21.43  2.20  e
CGF_2-19   3 38 49.08  -35 24 10.1  E/S0(p?)  19.99 n  1.0  0.5  20.34                 
CGF_2-6    3 38 49.10  -35 25 30.3  S0/E      18.62    0.7                                 11.04   0.48  20.10  0.89  b
CGF_2-10   3 38 49.14  -35 22 46.0  S0/E      19.18    0.5                                 14.75   1.83  20.74  0.87  b
CGF_1-22   3 38 49.21  -35 29 19.6  S/Irr?    19.74    1.1  0.8  20.89                                   20.41  0.71  d
CGF_1-23   3 38 50.28  -35 27 40.3  S         19.89    2.0  1.7  21.55                           
CGF_1-17   3 38 50.31  -35 30 56.9  E         19.14    0.6              0.45  18.28  0.06  13.73   1.09               
CGF_2-15   3 38 51.19  -35 22 15.8  E         19.55 n  0.5              0.40  17.33  0.02  13.45   0.79               
CGF_1-2    3 38 51.51  -35 26 50.5  E         17.37 n  0.6              0.35  16.18  0.01  13.33   1.81               
CGF_1-31   3 38 51.60  -35 32 29.0  S?        20.45    0.8  0.3  20.64                          
CGF_2-8    3 38 51.76  -35 22 18.0  Sb(pec?)  18.97 n  1.5  1.1  21.13                                   21.67  2.35  b
CGF_1-30   3 38 51.97  -35 28 26.8  ?         20.43 n  0.9  0.5  20.95                          
CGF_1-28   3 38 52.26  -35 27 52.5  S         20.36 n  1.0  0.6  20.89                          
CGF_2-16   3 38 53.08  -35 24 48.7  Irr       19.80    1.2  0.9  21.36                                   20.93  0.86  e
CGF_1-4    3 38 54.05  -35 33 33.9  cE/GC?    17.87    0.7              0.27  10.33  0.00   9.63   0.38               
CGF_1-19   3 38 54.48  -35 27 55.9  E         19.55 n  0.6              0.45  18.19  0.05  14.05   1.18               
CGF_1-42   3 38 54.64  -35 29 31.8  S         20.85    1.7  1.4  22.31                                   21.60  0.99  d
CGF_1-7    3 38 54.70  -35 31 04.6  S0/Sb?    18.36    0.8  0.3  18.73                                   19.77  0.84  e
CGF_2-11   3 38 55.87  -35 25 51.7  S         19.21    1.0  0.6  20.55                                   21.38  1.28  b
CGF_1-6    3 38 57.22  -35 32 33.8  E         18.34 n  0.7              0.30  15.21  0.00  13.73   1.52               
CGF_1-24   3 38 57.57  -35 28 06.1  S/S0      20.18    0.7                                               20.80  0.73  e
CGF_1-10   3 38 59.58  -35 30 31.7  S0/E      18.69    0.6                                 15.25   2.37  21.76  1.60  b
CGF_2-13   3 38 59.91  -35 25 59.0  Sa?       19.43 n  0.6                                               21.87  1.58  b
CGF_2-7    3 39 00.98  -35 20 29.2  Irr       18.73 n  1.8  1.5  21.20                                   21.44  2.26  e
CGF_2-4    3 39 01.77  -35 22 56.6  S0?       18.51    0.9  0.5  19.72                                   20.46  1.07  e
CGF_2-20   3 39 02.88  -35 24 33.5  E         20.04 n  0.6              0.20  11.07  0.00  13.82   0.82               
CGF_2-23   3 39 03.40  -35 25 47.7  E?        20.13    0.6              0.16  12.27  0.00  16.15   2.09               
CGF_2-26   3 39 05.13  -35 23 13.6  E/S0?     20.42    0.9  0.5  21.05  0.20  10.45  0.00  12.90   0.56  21.39  0.75  
CGF_5-8    3 39 07.65  -35 29 59.7  S?        19.60    1.3  0.8  21.75                                   22.06  1.42  e
CGF_5-13   3 39 18.44  -35 24 00.5  Irr       20.03    1.5  1.1  21.65                                   21.28  0.92  d
CGF_5-7    3 39 18.61  -35 27 42.9  Sa        19.41 n  1.5  1.1  21.05                                   20.93  1.17  e
CGF_5-2    3 39 22.44  -35 25 30.9  S         18.06 n  1.6  1.2  19.98                                   20.07  1.51  b
CGF_5-5    3 39 22.63  -35 25 29.1  E         19.36 n  1.0  0.5  19.99  0.26  18.34  0.01  18.14                       
CGF_5-14   3 39 24.90  -35 26 52.8  E/S0?     20.30    1.0  0.4  20.89  0.24  16.31  0.00  16.68   3.11  22.34  1.25  
CGF_5-10   3 39 25.66  -35 23 50.2  E         19.74    0.8              0.41  17.64  0.02  13.20   0.69              
CGF_5-1    3 39 26.01  -35 24 14.5  S0        17.31    0.8                                               19.71  1.50  b
CGF_5-6    3 39 29.37  -35 23 50.3  E/S0      19.39 n  0.8              0.74  20.28  0.43  12.88   0.71  21.11  0.88  
CGF_5-11   3 39 29.60  -35 26 52.0  BCD?      19.76    1.1  0.6  20.57                  
CGF_5-9    3 39 33.67  -35 27 06.8  Sc        19.67    1.5  1.0  21.28                                   21.21  1.26  e
CGF_5-12   3 39 33.68  -35 25 52.9  S?        19.93    1.6  1.1  22.17                                   21.87  1.09  d
CGF_5-3    3 39 34.31  -35 27 22.0  Sb        18.48 n  0.9                                               20.82  1.34  b
CGF_5-16   3 39 34.99  -35 27 20.4  E?        20.45 n  0.7              0.34  19.99  0.03  18.84   9.36               
CGF_5-4    3 39 35.92  -35 28 24.9  cE/GC?    19.05    0.6              0.19   6.93  0.00  10.82   0.33               
CGF_7-14   3 39 50.54  -35 35 40.7  S?        20.24    1.1  0.7  21.18                         
CGF_7-9    3 39 51.83  -35 33  5.4  (d?)Irr   19.72    1.5  1.1  21.37                                   20.70  0.87  d
CGF_7-10   3 39 52.51  -35 34 46.9  E/S0      19.81    1.0  0.6  20.89  0.63  19.08  0.18  11.09   0.35  20.83  0.71  
CGF_7-8    3 39 54.43  -35 38 51.7  E?        19.72    0.8  0.3  19.64  0.32  13.43  0.00  10.41   0.29               
CGF_7-3    3 39 57.97  -35 35 37.0  E/S0      18.99    0.7              0.45  16.82  0.04  11.16   0.48  20.50  0.88  
CGF_7-2    3 40 00.81  -35 35 27.7  E         18.62 n  0.6              0.20  11.16  0.00  13.56   1.20               
CGF_7-5    3 40 03.81  -35 36 13.6  S         19.32 n  0.9  0.5  20.14                                   21.15  1.21  b
CGF_7-1    3 40 04.39  -35 36 52.6  E(pec)    17.16    1.2  0.8  19.38  0.48  18.12  0.17  13.96   2.89               
CGF_7-16   3 40 08.60  -35 32 26.5  S?        20.35    1.0  0.6  20.85                          
CGF_7-13   3 40 09.68  -35 35 56.3  S         20.23    1.0  0.6  20.82                                   21.15  0.91  e
CGF_7-4    3 40 16.15  -35 33 14.2  Sb        19.03    1.1  0.7  20.24                                   20.41  0.94  e
CGF_7-12   3 40 16.32  -35 35 25.0  E         20.09 n  0.7              0.64  20.57  0.35  15.08   1.52               
CGF_7-17   3 40 16.75  -35 34 55.9  S(LSB?)   20.42    1.1  0.8  21.80                                   22.58  1.92  b
CGF_7-18   3 40 17.98  -35 32 27.0  Irr?      20.47 n  1.0  0.5  21.05                                   21.60  1.03  e
CGF_7-11   3 40 18.27  -35 35 29.7  E         20.06    0.6              0.40  18.22  0.02  14.62   1.01               
CGF_7-7    3 40 20.04  -35 38 27.6  E         19.44    0.7              0.51  19.35  0.14  14.83   1.66               
CGF_10-9   3 42 00.93  -35 25 43.7  E         19.42 n  1.0              0.51  18.70  0.09  13.53   0.88               
CGF_10-6   3 42 02.09  -35 23 45.8  Sc(BCD?)  18.85    1.4  0.7  20.21                                   20.11  0.87  e
CGF_10-12  3 42 02.27  -35 27 03.0  S/(dE?)   19.73 n  1.9  1.3  22.17                                   22.28  1.61  e
CGF_10-3   3 42  3.83  -35 26 47.3  Sa        18.41    2.1  1.5  20.90                                   20.94  1.83  b
CGF_10-2   3 42 05.42  -35 23 58.1  E         17.90    1.0              0.21  11.73  0.00  13.70   1.78               
CGF_10-4   3 42 06.13  -35 23 41.4  S0        18.65 n  1.2  0.4  19.50                                   20.27  1.02  d
CGF_10-13  3 42 10.91  -35 26 32.5  dE        19.93 n  3.5  3.1  24.60  1.23  25.16                      24.94  6.33  e
CGF_10-8   3 42 14.75  -35 26 17.4  Sb?       19.35    1.8  1.2  21.31                                   20.92  1.08  d
CGF_10-11  3 42 16.11  -35 20 21.0  (d)Irr?   19.72    2.6  2.1  22.82                                   22.76  2.11  d
CGF_10-19  3 42 16.74  -35 25 58.3  S?        20.25 n  1.6  1.0  21.73                          
CGF_10-17  3 42 17.24  -35 24 09.8  S0/E?     20.09 n  1.3  0.6  21.30                     15.24   1.58  22.03  1.08  e
CGF_10-1   3 42 19.01  -35 23 47.2  Sb?       16.87 n  1.5  0.8  19.30                                   20.20  1.99  b
CGF_10-18  3 42 19.91  -35 23 33.0  ?         20.09 n  2.1  1.6  21.96                           
CGF_10-15  3 42 20.02  -35 26 14.7  S         20.07    1.9  1.3  21.99                                   21.44  1.00  d
CGF_10-10  3 42 22.09  -35 23 23.7  S         19.58 n  1.3  0.5  20.70                                   21.41  1.11  e
CGF_10-14  3 42 22.09  -35 23 04.3  S?        19.94 n  1.4  0.7  21.24                                   21.46  1.01  b
CGF_10-16  3 42 22.65  -35 23 22.6  S         20.08 n  1.8  1.2  21.83                                   21.74  1.38  d
CGF_10-5   3 42 27.62  -35 27 01.1  Sc?       18.68    1.8  1.2  20.92                                   20.69  1.31  d
CGF_10-20  3 42 31.48  -35 22 41.8  S?        20.31    1.7  1.1  22.29                                   22.31  1.29  e
CGF_11-23  3 45 56.22  -35 24 34.5  S?        20.49    1.0  0.5  21.13                           
CGF_11-22  3 45 56.47  -35 27 49.3  Irr       20.44    1.4  1.0  22.26                         
CGF_11-21  3 45 58.25  -35 26 08.1  S?        20.37    1.1  0.7  21.36                            
CGF_11-20  3 46 00.45  -35 24 47.7  S         20.37    1.0  0.6  21.48                                   22.09  1.13  e
CGF_11-8   3 46 05.05  -35 27 37.6  E/S0?     19.65    0.9  0.4  20.44  0.25  13.99  0.00  13.97   1.03  21.87  1.12  
CGF_11-13  3 46 05.55  -35 27 25.5  S         20.13    1.2  0.8  21.27                                   21.44  1.16  e
CGF_11-6   3 46 05.65  -35 28 15.9  S         19.31    1.8  1.5  21.80                                   21.48  1.32  d
CGF_11-3   3 46 06.41  -35 23 55.8  S         18.50    1.1  0.7  20.07                                   20.68  1.52  b
CGF_11-1   3 46 11.61  -35 24 19.7  E         17.95    0.7              0.27  15.36  0.00  14.56   2.45               
CGF_11-15  3 46 12.97  -35 30 42.9  S         20.20    1.5  1.2  21.88                                     
CGF_11-4   3 46 13.21  -35 24 22.9  E(pec)    18.98    0.9  0.4  19.26  0.33  15.24  0.00  12.66   0.90               
CGF_11-14  3 46 13.31  -35 23 39.9  Irr       20.15    1.6  1.2  21.85                           
CGF_11-9   3 46 15.39  -35 26 04.7  E         19.87 n  0.7              0.21  15.69  0.00  16.89   3.22               
CGF_11-7   3 46 17.30  -35 27 22.2  S         19.62    1.2  0.7  20.99                                   20.73  0.84  d
CGF_11-5   3 46 21.18  -35 23 18.0  E         19.19    0.7              0.44  17.35  0.04  12.49   0.70               
CGF_11-16  3 46 21.69  -35 29 24.0  S         20.25    1.3  0.9  21.31                            
CGF_11-2   3 46 23.89  -35 28 46.4  S         18.20    1.4  0.9  20.18                                   20.64  1.74  b
