CGF_9-36    3 34 57.19  -35 14 46.4  21.55    22.79   0.86  0.33  -73.0   2.9         1.1  23.30
CGF_9-5  *  3 34 57.23  -35 12 24.7  19.06    21.93   0.82  0.40  -88.3   6.7  10.4   2.4  22.46
CGF_9-31    3 34 58.30  -35 15 31.4  21.36 n  23.43   0.65  0.36   50.8   5.3         2.0  24.37
CGF_9-26    3 34 58.49  -35  9 51.1  21.11    22.79   1.15  0.06   -2.2   2.7         1.0  23.09
CGF_9-47    3 34 59.12  -35 15 14.9  21.85    22.68   0.79  0.29   -7.1   2.4         0.9  23.23
CGF_9-2  *  3 34 59.79  -35  9 58.1  18.24    21.68   0.92  0.81  -87.0  25.6  25.2   6.2  22.38
CGF_9-57    3 34 59.88  -35 12 39.3  21.95 n  22.90   1.75  0.15   69.9   3.7         1.4  23.95
CGF_9-54    3 35  0.51  -35 11  9.5  21.90    22.83   1.15  0.19   61.9   3.0         1.0  23.57
CGF_9-18    3 35  1.50  -35 11 18.5  20.75    21.73   0.89  0.19  -27.0   2.9         0.9  22.26
CGF_9-40    3 35  2.45  -35 15 43.3  21.69    22.72   1.41  0.09   30.5   2.6         0.8  23.13
CGF_9-3  *  3 35  2.47  -35 11 49.6  18.39 n  21.68   0.75  0.08  -40.1   7.7  13.8   2.7  22.49
CGF_9-23    3 35  3.53  -35 15 58.8  21.07 n  22.31         0.23   28.7   4.9         4.2  24.54
CGF_9-28    3 35  3.83  -35 15 31.1  21.33 n  22.44         0.32   -7.5   8.6         3.4  23.37
CGF_9-49    3 35  4.81  -35 11 16.5  21.86    23.25   0.68  0.43   43.4   3.2         1.3  23.81
CGF_9-14 *  3 35  4.81  -35 15  4.3  20.15    22.30   1.17  0.16  -18.0   4.3   7.0   1.5  22.83
CGF_9-6  *  3 35  5.48  -35 13  6.5  19.06    23.34   1.03  0.22  -88.3  14.0  16.6   5.2  24.39
CGF_9-58    3 35  6.09  -35 16 37.2  21.96 n  23.27   1.07  0.66  -78.1   5.6         1.8  24.10
CGF_9-7  *  3 35  6.52  -35 10 54.1  19.28    21.07   1.33  0.19   29.6   5.4  10.8   1.6  22.01
CGF_9-51    3 35  6.62  -35 11 10.0  21.87    23.32   0.74  0.20  -20.7   3.2         1.2  24.08
CGF_9-56    3 35  7.01  -35  9 42.6  21.92    23.10   1.38  0.50  -26.7   3.8         1.3  23.71
CGF_9-17    3 35  8.01  -35 13 51.1  20.61    22.15   1.25  0.15  -52.7   3.6         1.1  22.61
CGF_9-53    3 35  8.57  -35 10  5.8  21.90    22.89   0.64  0.25   56.7   2.6         0.8  23.16
CGF_9-13    3 35  8.80  -35 14 49.0  20.10    21.87   1.07  0.15  -35.3   3.7   6.0   1.2  22.36
CGF_9-19    3 35  9.05  -35 14 27.0  20.75    21.67   1.50  0.34   54.1   3.2         1.0  22.18
CGF_9-22    3 35 10.09  -35 12 16.0  21.06    22.91   0.67  0.60  -24.0   6.2         2.0  23.54
CGF_9-4  *  3 35 10.78  -35 16 18.3  18.54    21.53   1.29  0.12   -1.3   8.4  12.6   2.7  22.51
CGF_9-25    3 35 11.04  -35 15 47.4  21.09    22.61   0.80  0.34  -42.6   3.8         1.3  23.21
CGF_9-30    3 35 14.26  -35 16 20.7  21.35    22.37   0.73  0.09   70.9   2.8         0.9  22.99
CGF_9-43    3 35 14.35  -35 15  1.6  21.76 n  23.26   1.23  0.60  -26.5   8.6         3.3  24.68
CGF_9-21    3 35 14.40  -35 13  1.8  20.95    22.66   1.73  0.53  -32.7   4.5         1.7  23.27
CGF_9-9  *  3 35 14.57  -35 14  4.6  19.94    21.50   0.84  0.42   13.4   4.5   6.8   1.4  22.14
CGF_9-46    3 35 14.72  -35 10 55.3  21.80    23.59   0.93  0.60   54.9   6.0         2.3  24.63
CGF_9-41    3 35 14.84  -35 14 31.6  21.70    22.48   1.36  0.19   -6.6   2.5         0.8  23.02
CGF_9-50    3 35 16.62  -35 16 56.9  21.87    22.84   1.83  0.25   -9.8   2.9         0.9  23.26
CGF_9-8     3 35 17.69  -35 12 37.1  19.57    21.04   0.70  0.11   18.5   3.2   5.6   1.0  21.35
CGF_9-55    3 35 19.80  -35 16 47.9  21.91    23.71   1.13  0.05   21.3   3.8         1.6  24.94
CGF_9-44    3 35 21.48  -35 16 50.7  21.78    22.55   2.13  0.33    3.9   3.2         1.0  23.36
CGF_9-20    3 35 22.59  -35 16 25.5  20.87 n  22.83   0.96  0.34   82.6   5.5         1.8  23.76
CGF_9-34    3 35 23.22  -35 10  3.6  21.42    22.77   0.79  0.30  -15.0   3.4         1.1  23.23
CGF_9-29    3 35 23.38  -35 16 42.8  21.34 n  22.34   1.56  0.14   57.8   3.3         1.1  23.02
CGF_9-15 *  3 35 23.45  -35 15 30.9  20.36 n  22.78   1.31  0.15  -29.7   5.7   7.4   2.0  23.65
CGF_9-37    3 35 24.05  -35 15 20.8  21.57 n  22.94   0.98  0.14  -87.4   3.5         1.2  23.72
CGF_9-1  *  3 35 25.07  -35 16  9.6  17.74    20.32   1.31  0.24   -2.4  11.6  19.6   3.5  22.17
CGF_9-24    3 35 25.22  -35 12 35.5  21.08    22.36   1.06  0.30  -43.7   3.5         1.2  23.01
CGF_9-38    3 35 25.87  -35 15 16.6  21.60 n  23.27   1.30  0.58  -44.8   6.1         2.0  24.03
CGF_9-32    3 35 26.37  -35 15 18.6  21.36 n  22.32   0.72  0.19  -19.9   3.0         1.0  22.97
CGF_9-33    3 35 26.39  -35 15 14.6  21.42 n  22.71   0.89  0.11  -89.1   4.1         1.6  23.77
CGF_9-10 *  3 35 26.55  -35 11 19.1  20.03    22.23   1.25  0.10    2.7   4.6   7.2   1.5  22.79
CGF_9-59    3 35 27.44  -35  9 49.3  21.97    22.73   0.96  0.18    6.2   2.5         0.7  23.14
CGF_9-11 *  3 35 29.02  -35 15 11.1  20.08    21.65   1.28  0.26  -48.4   5.0   7.0   1.6  22.73
CGF_9-39    3 35 30.17  -35 13 52.2  21.64    22.85   1.12  0.43    6.3   3.8         1.2  23.47
CGF_9-12 *  3 35 30.48  -35 15  5.9  20.09 n  23.56   0.99  0.31  -57.2  12.7  17.0   6.7  25.14
CGF_9-60    3 35 31.05  -35 15 54.7  21.97    23.13   0.87  0.14   71.1   2.9         1.0  23.70
CGF_9-27    3 35 31.09  -35 13 13.3  21.26    22.51         0.03   47.8   2.9         1.0  23.12
CGF_9-42    3 35 31.24  -35 15 42.0  21.73 n  23.55   1.39  0.30  -37.7   4.7         1.9  24.75
CGF_9-16 *  3 35 31.36  -35 14 41.0  20.49    21.36         0.19  -38.5   2.5   4.8   0.8  21.81
CGF_9-35    3 35 31.73  -35 13 13.3  21.44    23.12         0.36  -81.2   4.6         1.6  23.92
CGF_9-52    3 35 33.34  -35 14 43.6  21.88    23.28         0.14  -76.9   3.2         1.1  23.91
CGF_9-48    3 35 34.20  -35 14  4.2  21.85    23.06         0.31    4.5   3.4         1.2  23.88
CGF_9-45    3 35 34.47  -35 15  2.4  21.79    22.83         0.14  -23.1   3.0         1.0  23.52
CGF_8-55    3 35 53.45  -35 27 46.6  21.95    23.04         0.30   25.5   3.1         1.0  23.60
CGF_8-50    3 35 55.35  -35 29 30.2  21.87 n  23.00         0.29   26.2   3.7         1.2  23.71
CGF_8-48    3 35 55.71  -35 23 58.9  21.86    23.59         0.41   62.3   4.1         1.6  24.34
CGF_8-18    3 35 56.53  -35 28 44.3  21.11    22.89  -1.38  0.15   26.9   3.7         1.2  23.30
CGF_8-7  *  3 35 58.21  -35 29 57.7  20.44    22.70   1.01  0.06   62.9   5.2   6.2   1.6  23.44
CGF_8-40    3 35 59.05  -35 29 54.3  21.68 n  23.51   1.07  0.48   70.5   5.8         1.8  24.31
CGF_8-37    3 35 59.39  -35 24  5.3  21.60 n  23.66   1.08  0.36   52.5   4.5         2.2  24.73
CGF_8-46    3 35 59.51  -35 26  8.3  21.82    22.91   1.02  0.29  -10.3   2.9         1.0  23.34
CGF_8-44    3 35 59.85  -35 26 51.2  21.78    22.88   1.66  0.03   31.8   2.9         0.9  23.46
CGF_8-21    3 36  1.42  -35 25 22.8  21.15    23.40   1.23  0.28   44.0   4.6         1.7  23.94
CGF_8-34    3 36  1.75  -35 24 49.9  21.51    22.52   1.51  0.21   45.7   2.9         1.0  23.13
CGF_8-33    3 36  1.96  -35 29 39.0  21.50    22.97   0.61  0.11   37.3   3.7         1.2  23.71
CGF_8-47    3 36  2.34  -35 29 18.5  21.85    23.34   1.40  0.42   63.0   4.3         1.5  24.09
CGF_8-1  *  3 36  3.94  -35 23 20.5  17.63 n  22.67   1.05  0.16    9.2  35.9  34.0  12.2  24.50
CGF_8-24    3 36  5.21  -35 29 24.5  21.27 n  23.36   1.88  0.06  -66.0   5.6         2.1  24.43
CGF_8-12    3 36  6.03  -35 24  7.5  20.83 n  22.97   1.06  0.22   60.0   5.2         1.8  23.88
CGF_8-49    3 36  6.15  -35 22 58.8  21.86    23.04   1.02  0.14  -21.5   2.9         1.0  23.59
CGF_8-52    3 36  6.32  -35 26 22.2  21.92    22.95   0.76  0.19    2.4   3.0         1.0  23.73
CGF_8-51    3 36  6.47  -35 26 58.3  21.89    23.09   1.10  0.23  -19.7   2.6         1.0  23.50
CGF_8-3  *  3 36  6.55  -35 25 54.5  19.66    23.64   0.89  0.11   31.7  12.1  12.0   5.0  25.02
CGF_8-22    3 36  6.62  -35 25 57.7  21.18 n  23.34         0.54   22.2  12.5         6.7  25.12
CGF_8-27    3 36  7.15  -35 24 41.0  21.29    22.62   1.24  0.16    2.6   2.8         1.0  22.99
CGF_8-43    3 36  9.50  -35 28 56.3  21.78    23.42   1.65  0.04   -4.3   3.2         1.2  24.04
CGF_8-15    3 36 10.39  -35 22 18.6  21.00 n  22.94         0.55  -53.5  11.0         2.7  23.81
CGF_8-14    3 36 10.93  -35 26 12.0  20.94    22.93   2.03  0.07   77.7   4.3         1.5  23.72
CGF_8-56    3 36 12.58  -35 24 53.0  21.97    23.32   1.07  0.32  -22.3   3.6         1.2  23.86
CGF_8-31    3 36 12.77  -35 24 23.8  21.48 n  22.80   1.67  0.17   21.8   4.9         2.0  24.21
CGF_8-23    3 36 13.14  -35 23 24.0  21.21    23.22   0.92  0.25  -84.3   4.6         1.5  23.78
CGF_8-2  *  3 36 13.38  -35 26  4.9  19.41    21.05   1.42  0.25   -8.7   4.6   7.4   1.4  21.75
CGF_8-11    3 36 13.73  -35 24 41.6  20.70    22.63   1.54  0.12   18.0   3.9         1.3  23.10
CGF_8-39    3 36 14.91  -35 29  0.1  21.67 n  23.36   0.87  0.29  -54.4   4.1         1.5  24.19
CGF_8-19    3 36 15.14  -35 23 39.9  21.11    22.30   1.04  0.11  -39.8   2.8         0.9  22.72
CGF_8-8  *  3 36 15.55  -35 23 51.7  20.48    22.75   1.19  0.24  -67.9   5.4   7.4   1.7  23.34
CGF_8-29    3 36 16.68  -35 24 17.8  21.41 n  23.51   1.89  0.32  -56.3   5.5         2.0  24.47
CGF_8-57    3 36 17.50  -35 25 53.3  21.97    23.40   2.30  0.08   10.7   3.5         1.2  24.31
CGF_8-26    3 36 18.16  -35 25 39.0  21.28    23.01   1.57  0.39   45.6   4.1         1.4  23.41
CGF_8-35    3 36 19.22  -35 24 53.9  21.51    22.82   1.46  0.15  -52.7   3.4         1.1  23.52
CGF_8-28    3 36 19.96  -35 26  5.8  21.36    22.82   2.07  0.16   24.0   3.7         1.2  23.46
CGF_8-17    3 36 20.31  -35 26 28.6  21.06    22.69   1.78  0.22    3.5   3.5         1.2  23.21
CGF_8-54    3 36 20.52  -35 28 58.7  21.94    23.69   0.86  0.15  -58.9   3.7         1.3  24.32
CGF_8-16    3 36 20.88  -35 25 23.3  21.01    22.59   2.34  0.20   10.6   4.3         1.4  23.40
CGF_8-53    3 36 21.08  -35 26  8.1  21.93    23.54   1.27  0.48  -81.5   4.5         1.5  24.06
CGF_8-9     3 36 22.07  -35 24 10.0  20.57    21.96   1.69  0.08  -36.9   3.6         1.0  22.51
CGF_8-38    3 36 22.09  -35 24 17.5  21.60    23.07   0.82  0.28   74.2   4.0         1.2  23.69
CGF_8-36    3 36 22.63  -35 23 24.2  21.55    22.75   1.63  0.08  -30.3   2.8         1.0  23.34
CGF_8-42    3 36 23.66  -35 22 49.7  21.77 n  24.02         0.34  -41.1   5.4         2.8  25.55
CGF_8-32    3 36 24.68  -35 25 55.2  21.49 n  22.51   0.73  0.19   73.6   2.8         1.0  23.15
CGF_8-10    3 36 25.31  -35 29 27.2  20.59    22.53   1.77  0.27   26.4   4.6         1.5  23.10
CGF_8-20    3 36 25.91  -35 22 43.9  21.15    22.87   1.02  0.09   11.0   3.2         1.1  23.23
CGF_8-45    3 36 25.94  -35 26 43.9  21.81    23.12   1.38  0.29  -24.9   2.8         1.1  23.61
CGF_8-25    3 36 26.21  -35 24 29.8  21.28    22.66   0.73  0.14  -78.4   3.1         1.0  23.16
CGF_8-6  *  3 36 26.28  -35 26 24.6  20.33 n  21.99   1.01  0.23    3.5   3.7   6.0   1.2  22.48
CGF_8-4  *  3 36 27.47  -35 26  2.3  19.95    22.18   1.07  0.21   79.0   4.8   6.6   1.6  22.67
CGF_8-5     3 36 27.48  -35 29 44.2  20.18 n  21.62   1.60  0.11   25.4   3.9   6.0   1.2  22.33
CGF_8-13    3 36 27.92  -35 29 47.2  20.93 n  22.89   1.73  0.65    5.2  13.0         7.9  25.14
CGF_8-30    3 36 28.54  -35 23 55.9  21.43    22.77   1.70  0.35   -4.6   3.7         1.2  23.38
CGF_8-41    3 36 29.24  -35 24 50.9  21.76    23.44   0.81  0.50  -70.5   4.1         1.6  23.97
CGF_6-40    3 36 42.48  -35 27  1.0  21.27    22.68   0.99  0.30  -46.0   4.0         1.4  23.55
CGF_6-63    3 36 42.67  -35 28 38.8  21.52    22.63   1.00  0.16   71.2   2.9         1.0  23.24
CGF_6-43    3 36 42.83  -35 27 21.5  21.35    22.81   2.19  0.18  -45.9   4.4         1.6  24.06
CGF_6-34    3 36 43.32  -35 31 38.0  21.14    22.55   0.60  0.21   66.2   3.2         1.0  22.94
CGF_6-27    3 36 44.11  -35 30 27.0  20.99    22.76   0.71  0.31   13.1   5.0         1.7  23.76
CGF_6-3  *  3 36 44.44  -35 33 48.1  18.88    21.95   1.14  0.79  -80.3  21.6  21.0   5.5  22.83
CGF_6-4  *  3 36 45.15  -35 31 48.5  19.04    21.20   0.71  0.43    7.2   6.2  10.8   2.0  21.92
CGF_6-53    3 36 45.60  -35 27 31.3  21.45    22.97   0.79  0.14   50.5   3.5         1.2  23.74
CGF_6-45    3 36 45.70  -35 32 38.5  21.39 n  22.94   1.09  0.18   79.3   3.7         1.3  23.73
CGF_6-107   3 36 46.00  -35 27 55.8  21.98    23.35   0.87  0.26   55.0   3.2         1.2  23.98
CGF_6-103   3 36 46.33  -35 29 31.7  21.90    22.89   0.79  0.10   57.3   2.8         1.0  23.84
CGF_6-14 *  3 36 46.46  -35 29 45.6  20.41    22.28   0.96  0.16   76.8   4.8   6.6   1.6  23.19
CGF_6-81    3 36 46.53  -35 28 19.5  21.67 n  23.38   1.69  0.38  -47.3   4.7         2.1  24.76
CGF_6-32    3 36 46.86  -35 27 36.4  21.10    22.81   1.75  0.03   85.8   3.6         1.2  23.49
CGF_6-88    3 36 46.93  -35 31 45.4  21.76    23.18   1.51  0.21  -11.7   3.5         1.6  24.47
CGF_6-17    3 36 47.83  -35 29  1.7  20.59    22.42   0.44  0.32  -39.5   4.8         1.6  23.16
CGF_6-69    3 36 48.07  -35 28 39.7  21.57    23.07   1.06  0.31   85.0   3.9         1.3  23.72
CGF_6-10 *  3 36 48.73  -35 27 50.9  20.14    22.59   0.94  0.25  -23.8   5.6   7.0   1.8  23.15
CGF_6-6  *  3 36 48.98  -35 31 52.7  19.10    21.36   0.83  0.21   68.1   6.3  11.0   2.0  22.32
CGF_6-94    3 36 50.09  -35 29  2.5  21.82    23.44   1.47  0.24   20.0   3.7         1.6  24.50
CGF_6-21    3 36 50.13  -35 28 52.2  20.79    22.67   0.85  0.52  -21.8   6.0         1.9  23.38
CGF_6-36    3 36 50.54  -35 27  1.6  21.17    22.75   1.03  0.19   50.6   3.7         1.2  23.39
CGF_6-28    3 36 51.15  -35 30 37.4  21.06    22.56   2.23  0.06    3.2   3.8         1.4  23.65
CGF_6-26    3 36 51.43  -35 26 58.9  20.97    22.51   0.92  0.15  -74.8   3.6         1.2  23.12
CGF_6-12 *  3 36 51.43  -35 26 50.8  20.19    21.88   1.51  0.27  -66.4   4.3   7.4   1.4  22.50
CGF_6-55    3 36 51.87  -35 26 40.3  21.47    23.02   1.47  0.21   86.0   3.8         1.4  23.99
CGF_6-80    3 36 53.03  -35 26 35.1  21.66    22.97   0.65  0.10   39.3   3.0         1.1  23.75
CGF_6-73    3 36 53.29  -35 29 41.0  21.59    22.80   0.86  0.29  -84.8   3.7         1.2  23.67
CGF_6-91    3 36 53.64  -35 31 29.6  21.79    23.03   1.26  0.16  -30.8   2.7         1.0  23.64
CGF_6-78    3 36 53.96  -35 33 24.4  21.63    22.48   0.71  0.25  -14.9   3.2         1.0  23.37
CGF_6-58    3 36 53.99  -35 27 21.5  21.49 n  23.26   1.06  0.23   26.9   4.4         2.0  24.54
CGF_6-23    3 36 54.36  -35 29 39.9  20.86 n  22.98   0.98  0.30   59.4   5.1         2.4  24.34
CGF_6-106   3 36 54.37  -35 27 14.9  21.97    23.37   1.37  0.32   -0.3   3.9         1.6  24.62
CGF_6-31    3 36 54.56  -35 30 41.4  21.10    22.15         0.28   44.8   3.1         1.1  22.92
CGF_6-30    3 36 54.93  -35 27  8.2  21.09    22.57   1.18  0.19   54.4   3.5         1.2  23.18
CGF_6-65    3 36 55.95  -35 31 34.8  21.53 n  22.63   0.87  0.33   29.3   5.1         2.8  24.39
CGF_6-76    3 36 56.52  -35 29 25.3  21.62    23.22   1.46  0.42   81.0   4.9         2.2  24.74
CGF_6-35    3 36 56.70  -35 27 27.2  21.16    23.00   0.69  0.31   21.2   5.0         1.9  24.19
CGF_6-2  *  3 36 56.93  -35 28 21.4  18.51    21.78   1.07  0.63  -30.7  12.9  16.2   3.8  22.33
CGF_6-41    3 36 56.98  -35 31 40.8  21.32    22.95   1.70  0.22    3.7   4.5         2.0  24.58
CGF_6-46    3 36 57.53  -35 29 57.3  21.40 n  22.47         0.32   10.3   7.5         3.6  24.00
CGF_6-7  *  3 36 57.85  -35 33 52.4  19.35    21.18   1.36  0.07   59.7   4.9  10.4   1.4  22.03
CGF_6-60    3 36 58.36  -35 32 10.8  21.51 n  23.00   2.26  0.21   33.7   6.0         3.5  24.76
CGF_6-5  *  3 36 58.50  -35 29 45.5  19.08 n  21.83   0.98  0.08  -27.7  14.6  20.0   7.6  24.46
CGF_6-71    3 36 59.07  -35 31 32.7  21.58    23.03   2.29  0.19   -6.2   4.0         1.6  24.38
CGF_6-48    3 36 59.09  -35 32  9.2  21.40    22.83   2.07  0.24   -4.5   3.7         1.3  23.63
CGF_6-50    3 36 59.25  -35 30 47.4  21.44 n  22.73         0.15  -42.1   4.6         2.0  24.31
CGF_6-104   3 36 59.37  -35 31 14.2  21.94 n  23.17         0.27   14.3   4.3         2.0  24.56
CGF_6-11 *  3 36 59.62  -35 29 51.5  20.19 n  22.49         0.41   52.0  11.2  10.0   6.8  24.87
CGF_6-96    3 36 59.72  -35 27 28.7  21.85    22.04   1.66  0.08   35.1   2.9         1.0  23.76
CGF_6-51    3 36 59.82  -35 30 40.7  21.44 n  22.50         0.07  -18.1   3.6         1.4  23.73
CGF_6-8  *  3 37  0.58  -35 32 12.5  19.97    22.70   0.94  0.78   31.2  15.5  13.8   4.5  23.53
CGF_6-54    3 37  0.64  -35 26 49.3  21.46 n  22.95   1.90  0.57  -35.6   7.9         3.0  24.38
CGF_6-49    3 37  0.79  -35 31 37.5  21.43    23.10         0.51   42.9   6.0         3.1  25.10
CGF_6-1  *  3 37  1.46  -35 33 58.9  18.21    21.73   0.92  0.33  -22.0  11.4  17.8   3.8  22.68
CGF_6-25    3 37  1.63  -35 27 10.6  20.92    22.22   1.56  0.17   59.0   3.5         1.2  23.01
CGF_6-84    3 37  1.67  -35 33  2.1  21.67    23.00   0.73  0.32   42.5   3.4         1.2  23.71
CGF_6-66    3 37  2.38  -35 29 56.4  21.54    22.55   1.06  0.04  -17.6   2.9         0.9  23.24
CGF_6-42    3 37  2.43  -35 33 26.3  21.33    22.78   0.63  0.18   17.6   3.8         1.3  23.67
CGF_6-20    3 37  2.94  -35 29 10.9  20.74    21.88   1.50  0.27  -13.2   3.4         1.1  22.57
CGF_6-18    3 37  3.67  -35 26 43.6  20.60    22.84   1.27  0.32  -70.4   5.6         1.9  23.57
CGF_6-38    3 37  3.97  -35 27 15.7  21.18    23.29   1.06  0.14  -12.1   4.3         2.0  24.50
CGF_6-37    3 37  4.02  -35 28 48.1  21.17    22.67   1.91  0.06  -35.0   3.4         1.2  23.41
CGF_6-95    3 37  4.24  -35 32 16.9  21.84    23.04   0.46  0.12  -69.6   3.2         1.2  24.02
CGF_6-101   3 37  4.36  -35 28 23.6  21.88    22.92   1.15  0.13  -78.2   2.8         1.0  23.62
CGF_6-59    3 37  4.52  -35 27  6.3  21.50 n  22.52   1.59  0.06  -36.9   3.6         1.4  23.67
CGF_6-82    3 37  4.68  -35 27  3.2  21.67 n  23.22   1.25  0.34  -34.3   7.0         3.7  24.96
CGF_6-44    3 37  5.07  -35 30 17.4  21.36    23.22   2.43  0.34    3.2   4.9         2.0  24.41
CGF_6-62    3 37  5.31  -35 30 52.0  21.52 n  23.52   1.30  0.34  -63.7   4.9         2.0  24.62
CGF_6-87    3 37  5.78  -35 28 46.7  21.70    23.45   1.29  0.35   15.4   4.5         1.7  24.37
CGF_6-77    3 37  6.86  -35 29 27.7  21.63 n  23.01   2.24  0.12  -47.8   4.7         2.2  24.54
CGF_6-70    3 37  7.05  -35 26 58.6  21.57    23.32   1.03  0.47   46.0   5.1         1.8  24.19
CGF_6-9  *  3 37  8.91  -35 33 36.9  20.03 n  21.93   1.71  0.09    2.1   5.6   8.6   2.0  23.46
CGF_6-29    3 37  8.99  -35 28 46.0  21.09    22.76   1.49  0.23  -47.3   4.2         1.4  23.56
CGF_6-105   3 37  9.02  -35 29 30.9  21.96    23.38   1.16  0.36  -44.3   3.8         1.4  24.22
CGF_6-97    3 37  9.57  -35 30 29.3  21.86    23.17   0.94  0.13   78.0   2.9         1.0  23.62
CGF_6-39    3 37  9.79  -35 29 38.9  21.27    23.14   1.93  0.16  -53.0   4.2         1.4  23.81
CGF_6-52    3 37  9.81  -35 32 48.2  21.45    23.10   1.35  0.04   13.7   3.8         1.4  24.06
CGF_6-79    3 37 10.03  -35 30 17.0  21.65    22.75   1.29  0.30   24.9   3.5         1.2  23.57
CGF_6-99    3 37 10.48  -35 32 46.6  21.87    22.97   1.68  0.14   13.7   3.3         1.2  24.01
CGF_6-67    3 37 10.82  -35 29 55.6  21.54 n  22.77   1.89  0.59    6.9   5.9         2.0  23.94
CGF_6-74    3 37 11.03  -35 28 33.5  21.60    23.31         0.45   89.8   4.9         2.0  24.43
CGF_6-93    3 37 11.25  -35 29 52.3  21.82    23.20   0.68  0.16   -3.0   3.4         1.2  24.08
CGF_6-57    3 37 11.85  -35 27 48.4  21.49    23.04   0.80  0.45  -49.7   5.1         1.8  24.16
CGF_6-75    3 37 12.15  -35 28 35.9  21.61    23.49   1.43  0.20  -17.0   4.2         2.0  24.92
CGF_6-100   3 37 12.60  -35 26 46.2  21.88    23.23   1.67  0.45    5.9   4.3         1.6  24.17
CGF_6-86    3 37 12.89  -35 28 18.4  21.69    22.81   0.84  0.06   39.7   2.8         1.0  23.52
CGF_6-15    3 37 13.33  -35 31 41.0  20.52    22.76   0.54  0.72  -29.5  12.2         3.8  24.03
CGF_6-22    3 37 13.38  -35 26 56.2  20.83    22.25   1.20  0.22    4.5   3.6         1.2  22.88
CGF_6-47    3 37 13.78  -35 33 58.3  21.40 n  22.45   2.06  0.08  -26.7   3.4         1.2  23.31
CGF_6-102   3 37 14.23  -35 27 37.4  21.88    23.17   0.69  0.13   78.5   3.1         1.2  24.08
CGF_6-72    3 37 14.46  -35 32  0.0  21.58    23.07   0.69  0.24  -88.6   3.7         1.3  23.86
CGF_6-90    3 37 14.63  -35 34  2.0  21.78 n  22.84   2.01  0.17  -52.3   4.0         1.6  24.12
CGF_6-85    3 37 15.52  -35 30 13.5  21.69 n  23.00   1.46  0.35  -71.6   5.0         2.0  24.38
CGF_6-19    3 37 15.57  -35 27  4.8  20.62 n  22.77   1.00  0.22   17.7   5.1         2.1  24.02
CGF_6-56    3 37 15.59  -35 28 59.1  21.49 n  23.43   0.60  0.06   48.9   3.9         1.7  24.61
CGF_6-83    3 37 16.18  -35 30 48.3  21.67    23.18   1.24  0.42   11.2   4.5         1.4  23.85
CGF_6-13    3 37 16.25  -35 30 20.4  20.37    21.77   1.79  0.16  -35.9   3.9   6.6   1.2  22.48
CGF_6-92    3 37 16.75  -35 28  9.9  21.81    23.11   1.22  0.23    1.5   3.5         1.2  23.96
CGF_6-16    3 37 16.96  -35 31 37.3  20.59    22.90   1.86  0.08  -83.2   5.4         2.0  24.02
CGF_6-24    3 37 17.18  -35 30  2.8  20.88    22.22   1.32  0.20   37.7   3.4         1.1  22.82
CGF_6-33    3 37 17.31  -35 26 47.3  21.11    22.49   1.15  0.30   67.1   4.1         1.4  23.39
CGF_6-68    3 37 17.55  -35 32 19.8  21.56    23.33   1.33  0.41  -78.3   4.9         1.7  24.12
CGF_6-64    3 37 17.63  -35 29 34.0  21.53    23.17   2.35  0.23  -20.0   4.0         1.8  24.45
CGF_6-89    3 37 18.11  -35 31  2.8  21.78 n  22.67   1.09  0.17   27.8   4.1         2.0  24.17
CGF_6-61    3 37 18.22  -35 31  1.0  21.52 n  22.82   0.94  0.25   -4.0   5.1         2.3  24.23
CGF_6-98    3 37 19.12  -35 31 21.2  21.86    23.06   1.33  0.14   77.4   2.9         1.0  23.74
CGF_6-108   3 37 19.41  -35 30 27.4  22.00    23.41   1.11  0.22   10.7   3.4         1.2  24.18
CGF_3-24    3 37 53.29  -35 28 34.4  20.59 n  22.19         0.22  -14.6   3.7         1.4  23.08
CGF_3-18 *  3 37 53.46  -35 31 24.8  20.44    22.36         0.61   11.6   7.0   8.6   2.1  23.02
CGF_4-11 *  3 37 54.03  -35 22  0.0  20.08    21.07   1.65  0.21   67.9   3.0   6.4   1.0  21.70
CGF_3-48    3 37 54.09  -35 28 11.3  21.39    22.73   1.68  0.58  -57.3   4.4         1.6  23.39
CGF_4-13 *  3 37 54.40  -35 22  4.8  20.20 n  21.84   1.10  0.24   37.7   4.6   7.0   1.4  22.49
CGF_3-77    3 37 54.47  -35 29 12.5  21.94 n  22.94   1.69  0.18   23.3   2.9         1.0  23.77
CGF_3-59    3 37 54.76  -35 32 22.4  21.61    22.57   2.40  0.14  -65.4   2.7         1.0  23.30
CGF_3-56    3 37 55.21  -35 34 25.6  21.54    22.56   2.08  0.46   30.0   4.1         1.4  23.49
CGF_4-10 *  3 37 55.62  -35 22 18.6  20.06    21.86   1.33  0.45   15.4   4.9   7.4   1.7  22.55
CGF_4-31    3 37 56.16  -35 24  9.4  21.21    22.46   1.09  0.34    8.2   2.8         1.0  22.79
CGF_4-35    3 37 57.12  -35 25 20.5  21.23 n  21.81   0.97  0.10   60.8   2.3         0.7  22.28
CGF_4-15 *  3 37 58.22  -35 20 28.9  20.48    21.61   1.65  0.25   57.5   4.1   6.6   1.2  22.59
CGF_3-32    3 37 58.27  -35 29  0.0  20.89    21.74   1.10  0.18  -31.3   2.3         0.8  22.23
CGF_3-74    3 37 58.35  -35 29 35.0  21.91 n  22.51   2.04  0.05  -57.6   2.2         0.7  23.01
CGF_3-73    3 37 58.57  -35 30 56.7  21.88    22.61   1.75  0.09   18.7   2.5         0.8  23.30
CGF_3-70    3 37 58.79  -35 30  6.4  21.83    22.92   1.74  0.52  -49.3   4.1         1.5  23.85
CGF_4-27    3 37 58.80  -35 20 36.3  21.11    21.87   1.13  0.16  -37.1   2.5         0.7  22.29
CGF_4-26    3 37 58.87  -35 24 15.9  21.11    22.17   1.28  0.21  -58.3   2.7         1.0  22.74
CGF_3-46    3 37 59.28  -35 34 47.7  21.33 n  23.23   1.48  0.29  -64.6   4.5         1.7  24.07
CGF_3-35    3 37 59.38  -35 32 27.9  21.00    22.71   1.58  0.37  -50.5   4.4         1.6  23.43
CGF_3-45    3 37 59.68  -35 32 31.9  21.32    22.82   1.25  0.02   43.9   3.2         1.2  23.62
CGF_3-79    3 37 59.74  -35 30 33.4  21.99    22.83   2.07  0.04  -25.8   2.5         0.8  23.48
CGF_4-46    3 38  0.08  -35 20 22.9  21.65    22.97   1.02  0.17  -42.4   3.0         1.1  23.63
CGF_3-53    3 38  0.13  -35 32 29.5  21.48 n  23.02   1.33  0.44  -20.5   4.8         1.6  23.87
CGF_4-22    3 38  0.31  -35 20 51.1  20.99    22.47   1.55  0.24  -14.2   4.0         1.3  23.23
CGF_3-63    3 38  0.56  -35 33 14.0  21.71    22.61   1.94  0.21   20.8   2.5         0.9  23.16
CGF_4-14 *  3 38  0.85  -35 27 11.4  20.35    22.38   1.36  0.50   87.1   6.4   8.2   2.0  23.13
CGF_3-23    3 38  1.26  -35 32 59.0  20.59 n  22.55   1.41  0.66   71.4   7.5         2.2  23.14
CGF_3-19 *  3 38  1.82  -35 29 57.6  20.47    22.24   1.45  0.43  -21.4   5.5   7.6   1.8  23.09
CGF_3-9  *  3 38  1.97  -35 32 37.5  18.91    20.47   1.53  0.25  -52.1   5.4  10.6   1.6  21.64
CGF_3-10 *  3 38  2.09  -35 29 39.8  18.95    21.85   1.34  0.10  -42.3   6.3   9.8   2.2  22.51
CGF_3-17 *  3 38  2.18  -35 28 14.9  20.26    22.04   1.18  0.06   36.5   3.6   5.6   1.2  22.63
CGF_4-53    3 38  2.39  -35 20 39.0  21.79 n  22.50   1.21  0.08  -63.0   2.6         0.8  23.14
CGF_3-51    3 38  2.49  -35 32 21.7  21.46 n  22.63   1.85  0.42  -75.5   3.9         1.4  23.50
CGF_4-30    3 38  2.62  -35 27 27.0  21.16    22.71   1.13  0.39  -27.9   3.5         1.3  23.17
CGF_3-47    3 38  2.78  -35 33  2.1  21.36    22.72   1.66  0.31  -82.7   3.4         1.2  23.37
CGF_4-41    3 38  2.86  -35 24 25.8  21.40    23.05   0.91  0.24  -86.4   3.9         1.4  23.77
CGF_3-54    3 38  3.13  -35 33 26.0  21.48    22.79   2.50  0.28   64.6   4.0         1.6  24.07
CGF_3-22    3 38  3.86  -35 29  0.4  20.58    21.72   1.85  0.35   74.3   3.4         1.2  22.40
CGF_3-26    3 38  4.17  -35 34 31.4  20.67    22.34   1.59  0.23   82.8   4.1         1.3  22.92
CGF_4-32    3 38  4.59  -35 21 42.4  21.22    22.03   2.18  0.24  -31.9   3.1         1.0  22.77
CGF_4-60    3 38  4.59  -35 27  4.5  21.92 n  23.21   1.11  0.43   23.0   3.9         1.3  23.77
CGF_4-36    3 38  5.06  -35 25 36.0  21.27    22.12   1.11  0.40   -1.6   2.7         1.0  22.60
CGF_4-3  *  3 38  5.25  -35 22 39.4  18.88    21.02   1.48  0.72  -41.0  12.7  17.0   3.4  22.11
CGF_4-55    3 38  5.47  -35 25 23.6  21.87    23.00   2.57  0.14  -28.9   3.0         1.0  23.71
CGF_4-43    3 38  5.64  -35 20 44.7  21.55    22.41   1.70  0.17   44.8   2.8         0.9  23.06
CGF_3-76    3 38  5.87  -35 27 57.1  21.94    22.79   1.51  0.10   67.5   2.4         0.9  23.54
CGF_3-8  *  3 38  5.89  -35 29 46.0  18.70    20.97   1.37  0.54  -30.4   8.0  12.8   2.4  21.78
CGF_3-5  *  3 38  5.98  -35 32 19.1  18.05    19.86   1.53  0.43  -34.1   8.3  19.0   2.3  21.23
CGF_3-25    3 38  6.33  -35 28 34.5  20.60    21.82   2.09  0.06   27.4   3.3         1.1  22.68
CGF_4-1  *  3 38  6.54  -35 26 24.4  14.88    19.58   1.34  0.41    0.6  37.6  64.0  10.7  21.47
CGF_3-7  *  3 38  6.58  -35 29  8.9  18.52 n  21.75   1.17  0.47   -6.9  14.8  21.0   5.2  23.23
CGF_4-49    3 38  6.88  -35 25 56.0  21.73    22.86   2.34  0.10   82.9   2.9         1.0  23.48
CGF_4-34    3 38  7.05  -35 21 53.3  21.22    22.19   1.47  0.08   89.6   2.3         0.8  22.68
CGF_4-59    3 38  7.10  -35 23 20.1  21.91    23.37   0.99  0.14  -50.2   3.2         1.2  24.07
CGF_4-54    3 38  7.36  -35 22  2.1  21.86    22.78   0.84  0.39   21.5   2.9         1.0  23.23
CGF_3-41    3 38  7.42  -35 28  9.3  21.26 n  22.89   2.04  0.52   27.7   5.1         1.8  23.64
CGF_4-56    3 38  7.47  -35 20 33.4  21.89    22.72   2.41  0.15   59.1   2.6         0.9  23.42
CGF_3-15 *  3 38  7.71  -35 27 59.2  20.00    21.93   1.49  0.31   87.0   4.6   7.0   1.6  22.56
CGF_3-75    3 38  8.24  -35 32 54.1  21.93 n  23.11   2.78  0.04   72.7   3.4         1.8  24.37
CGF_4-40    3 38  8.30  -35 23 56.5  21.36 n  22.55   0.85  0.51  -80.7   5.4         1.9  23.86
CGF_4-16    3 38  8.96  -35 22 30.3  20.50    22.03   1.54  0.08  -31.7   3.9   6.4   1.2  22.83
CGF_4-48    3 38  8.98  -35 25 23.9  21.69    22.72   2.08  0.10  -37.0   3.2         1.1  23.73
CGF_4-4  *  3 38  9.43  -35 25 43.0  18.92    21.05   1.20  0.31   22.8   6.2  11.4   1.8  21.83
CGF_3-44    3 38  9.58  -35 28 24.1  21.31    22.47   1.17  0.16   84.9   2.9         1.0  23.00
CGF_3-33    3 38  9.62  -35 33 53.1  20.93    22.62   1.20  0.16  -21.1   3.8         1.4  23.40
CGF_4-33    3 38 10.36  -35 26 32.3  21.22 n  22.66   1.40  0.23   -2.8   4.7         1.6  23.46
CGF_3-60    3 38 11.44  -35 32 33.3  21.62    23.11   2.21  0.33  -46.0   3.8         1.5  24.00
CGF_4-28    3 38 11.70  -35 21 40.0  21.12 n  22.63   0.62  0.57  -30.2   6.4         1.8  23.39
CGF_4-29    3 38 11.90  -35 25 21.6  21.15    21.87   0.72  0.35   88.2   2.8         0.9  22.43
CGF_4-45    3 38 12.01  -35 23  4.3  21.56    22.68   1.15  0.45  -68.2   2.9         1.1  23.10
CGF_4-47    3 38 12.36  -35 21 56.9  21.68 n  22.88   1.36  0.06   54.3   2.8         1.0  23.72
CGF_3-57    3 38 12.47  -35 34 37.0  21.59 n  23.06   1.76  0.08  -55.4   3.1         1.2  23.92
CGF_4-12 *  3 38 12.70  -35 26 15.0  20.10 n  21.46   1.24  0.49  -59.7   4.9   7.0   1.5  22.16
CGF_4-38    3 38 12.84  -35 26 18.1  21.31 n  22.93   0.73  0.51    8.2   6.9         4.6  24.63
CGF_3-16    3 38 12.91  -35 29 29.6  20.25    21.45   0.92  0.24  -44.3   2.9   5.2   1.0  21.85
CGF_4-7  *  3 38 13.10  -35 25 30.6  19.44 n  20.94   1.62  0.40   83.4   6.1  10.0   1.8  22.11
CGF_3-3  *  3 38 13.70  -35 30 57.4  17.31    21.07   1.16  0.63   15.2  16.9  25.0   5.4  21.89
CGF_3-50    3 38 14.05  -35 32 53.0  21.41    22.63   2.03  0.08   76.4   2.8         1.0  23.20
CGF_4-62    3 38 14.07  -35 26 16.6  21.99    22.37   1.47  0.17    1.3   1.8         0.6  22.73
CGF_3-78    3 38 14.27  -35 27 58.5  21.95    22.59         0.26   12.2   2.4         0.8  23.18
CGF_4-20    3 38 14.33  -35 25 23.8  20.87    22.24   1.44  0.44   62.7   4.0         1.3  22.79
CGF_4-17    3 38 14.56  -35 25  8.2  20.73    22.31   1.10  0.15  -53.5   3.7         1.2  23.00
CGF_3-29    3 38 14.75  -35 33 39.9  20.74    21.79   1.31  0.08   40.4   2.3         0.8  22.20
CGF_4-19    3 38 15.00  -35 27 37.7  20.84 n  22.17   1.00  0.31  -70.7   7.6         4.0  23.77
CGF_4-6  *  3 38 15.02  -35 27 33.5  19.16 n  21.41   1.29  0.60   54.8  10.8  17.2   3.3  22.52
CGF_4-58    3 38 15.09  -35 26 21.7  21.90 n  23.02   1.04  0.08  -75.0   3.6         1.7  24.38
CGF_3-68    3 38 15.65  -35 28 24.5  21.81    22.58   1.15  0.09    6.8   2.3         0.7  23.10
CGF_3-52    3 38 16.05  -35 28 10.0  21.48    22.29   0.57  0.22   53.9   2.1         0.8  22.81
CGF_3-13 *  3 38 16.61  -35 30 11.0  19.48 n  21.82   1.23  0.57  -26.0   9.7  13.0   3.6  23.17
CGF_3-1  *  3 38 16.67  -35 30 27.9  16.97 n  21.80   0.93  0.29  -58.3  26.6  38.0   8.7  23.13
CGF_3-28    3 38 17.27  -35 32 19.4  20.74    21.89   1.52  0.43  -25.1   4.0         1.3  22.67
CGF_3-55    3 38 17.55  -35 33 17.4  21.53    22.97   1.57  0.34   40.9   3.9         1.4  23.75
CGF_3-67    3 38 17.73  -35 31 42.5  21.81 n  23.13         0.38   10.6   4.4         2.2  24.34
CGF_4-8  *  3 38 17.78  -35 26 43.7  19.95 n  21.43   1.31  0.36   39.7   4.2   6.6   1.3  22.01
CGF_3-69    3 38 17.85  -35 30 46.9  21.83    22.87   2.27  0.13  -20.2   2.8         1.0  23.53
CGF_3-2  *  3 38 18.71  -35 31 52.1  17.21    20.82   1.12  0.21   72.8  23.7  35.6   8.5  23.69
CGF_4-51    3 38 18.73  -35 20  7.6  21.78    22.58   1.08  0.45   37.0   2.9         1.0  23.03
CGF_4-21    3 38 19.15  -35 21 46.0  20.96    22.23   1.09  0.19   62.7   3.2         1.0  22.77
CGF_3-49    3 38 19.19  -35 34  6.7  21.39    22.04   1.66  0.07   -1.4   2.0         0.7  22.67
CGF_3-62    3 38 19.31  -35 29  1.6  21.68    22.44   0.87  0.11   11.6   2.2         0.7  22.92
CGF_3-40    3 38 19.62  -35 30 39.5  21.19    22.66   1.33  0.30   -8.2   3.9         1.4  23.47
CGF_3-58    3 38 19.75  -35 33 16.6  21.59    22.71   1.57  0.33   60.7   3.2         1.1  23.34
CGF_3-38    3 38 19.80  -35 28 57.5  21.03 n  23.19         0.28  -22.0   5.1         2.0  24.17
CGF_3-21    3 38 19.99  -35 28 48.0  20.51    22.08   0.82  0.47   32.0   4.9         1.6  22.90
CGF_3-64    3 38 20.23  -35 29 46.3  21.76    22.52   1.66  0.13   77.0   2.2         0.8  23.15
CGF_3-65    3 38 20.23  -35 29 11.0  21.78    23.28         0.37   12.7   3.6         1.5  24.15
CGF_4-24    3 38 20.48  -35 25 59.0  21.03    21.91   1.74  0.25  -17.9   3.1         1.0  22.61
CGF_4-37    3 38 20.65  -35 20 48.8  21.30 n  21.94   0.91  0.18   66.7   2.5         0.7  22.46
CGF_3-34    3 38 20.96  -35 28 58.4  20.93 n  22.71         0.37   68.0   4.6         2.0  23.81
CGF_4-25    3 38 21.17  -35 22 58.1  21.10 n  22.24   0.80  0.28   73.5   3.5         1.1  22.94
CGF_3-36    3 38 21.18  -35 30 37.8  21.02    21.61   2.34  0.07  -43.7   2.3         0.7  22.27
CGF_3-42    3 38 21.27  -35 28 40.9  21.27    22.84         0.47  -50.8   5.1         1.8  23.82
CGF_3-11 *  3 38 21.30  -35 28 50.3  19.05    22.00   0.74  0.41   41.7   9.1  11.6   3.0  22.88
CGF_3-80    3 38 21.46  -35 34 32.6  21.99    22.72   1.48  0.05   21.2   2.1         0.7  23.10
CGF_3-6  *  3 38 21.79  -35 32 58.0  18.33    20.83   1.63  0.54   73.1  11.2  18.0   3.5  22.14
CGF_3-72    3 38 21.82  -35 31 18.0  21.87 n  23.09         0.27  -61.8   4.1         2.2  24.51
CGF_4-39    3 38 22.45  -35 25 55.8  21.34    22.63   1.14  0.27   77.5   3.0         1.1  23.19
CGF_3-31    3 38 22.49  -35 29  0.6  20.83    22.32   0.53  0.07   23.7   3.3         1.1  22.95
CGF_3-12 *  3 38 23.07  -35 28  7.2  19.27 n  21.65   1.17  0.26  -65.4   6.2  13.6   2.0  22.42
CGF_3-61    3 38 23.32  -35 28 54.1  21.67    22.80         0.23  -82.5   3.2         1.1  23.57
CGF_4-2  *  3 38 23.49  -35 24  6.4  17.46    20.81   1.35  0.03   17.4   9.1  16.8   3.3  21.99
CGF_4-44    3 38 23.50  -35 21 12.4  21.55    23.15   1.67  0.19   17.7   3.6         1.3  23.87
CGF_4-50    3 38 23.74  -35 23 54.6  21.75 n  23.22   1.28  0.67   47.4   6.9         1.9  23.91
CGF_3-27    3 38 24.06  -35 30  7.0  20.72    22.41   1.13  0.58  -81.8   4.7         1.8  23.00
CGF_3-43    3 38 24.52  -35 29  0.9  21.30    22.42         0.07  -69.2   2.9         1.1  23.40
CGF_4-57    3 38 24.59  -35 21 35.1  21.90 n  23.18   1.04  0.59   -3.6   5.4         2.2  24.33
CGF_4-23    3 38 24.74  -35 22 54.6  21.00    21.37         0.29    4.9   2.5         0.7  21.99
CGF_4-42    3 38 25.15  -35 24 21.9  21.54    22.72   0.73  0.52   46.6   4.0         1.2  23.20
CGF_4-52    3 38 25.32  -35 27 21.6  21.78 n  22.21         0.14   65.8   2.3         2.2   0.00
CGF_3-37    3 38 25.38  -35 28 38.4  21.02 n  22.26   1.39  0.34   19.1   4.6         1.7  23.43
CGF_3-39    3 38 25.63  -35 31 53.9  21.11    22.95         0.08  -44.6   3.8         1.5  23.90
CGF_4-61    3 38 25.72  -35 20 33.2  21.94    23.34   0.93  0.59   42.4   4.8         1.6  24.02
CGF_3-4  *  3 38 25.83  -35 33 28.4  17.95    20.67   1.59  0.12   37.9   8.8  14.0   3.5  22.50
CGF_3-66    3 38 25.89  -35 29 44.1  21.79    22.80         0.18   29.2   2.6         1.0  23.45
CGF_4-63    3 38 26.03  -35 21 23.8  22.00    22.48   1.16  0.16  -37.2   2.1         0.7  22.98
CGF_3-20    3 38 26.23  -35 28 41.7  20.50 n  22.02   2.10  0.19  -18.1   5.7         2.2  23.56
CGF_4-9  *  3 38 26.36  -35 26 50.8  20.05 n  21.17         0.62   11.4   7.8  10.4         0.00
CGF_4-5  *  3 38 26.39  -35 26 49.0  19.11 n  21.70         0.61   10.3  10.4  12.0         0.00
CGF_3-30    3 38 26.41  -35 30 46.0  20.76    22.78   1.25  0.19  -65.9   4.5         1.6  23.49
CGF_3-71    3 38 26.60  -35 28 39.4  21.86 n  22.29         0.26   40.8   2.8         0.9  23.26
CGF_4-18    3 38 26.91  -35 22  5.3  20.81    22.25   0.74  0.54  -47.0   4.9         1.4  22.76
CGF_3-14 *  3 38 27.66  -35 28 50.7  19.89    21.43   1.73  0.38   -1.2   4.8   8.6   1.4  22.12
CGF_1-32 *  3 38 28.68  -35 28 47.1  20.47 n  21.78   0.75  0.50   70.8   5.8   6.2   1.8  22.67
CGF_1-11 *  3 38 28.89  -35 28 24.6  18.74 n  19.99   1.20  0.20  -53.0   6.8  10.6   1.6  21.39
CGF_1-8  *  3 38 29.08  -35 27 43.5  18.38 n  20.60   1.16  0.52   47.5   9.4  15.6   2.4  21.50
CGF_1-67    3 38 29.12  -35 33 57.1  21.38    21.86   1.38  0.08   81.8   2.0         0.6  22.20
CGF_1-1  *  3 38 29.16  -35 28  8.6  16.28 n  18.84   0.99  0.16  -27.4  21.8  50.0   6.6  22.02
CGF_1-34    3 38 29.31  -35 32 45.1  20.60    21.03   0.68  0.35   11.5   2.5         0.7  21.52
CGF_1-20 *  3 38 29.38  -35 29  3.0  19.60    20.48   1.29  0.32   29.7   4.1   8.0   1.1  21.35
CGF_2-51    3 38 29.79  -35 21 13.3  21.15    21.91   2.28  0.26    1.9   3.2         1.0  22.82
CGF_2-58    3 38 29.96  -35 20 21.1  21.28    22.30   2.10  0.11  -29.8   3.3         1.1  23.30
CGF_2-41    3 38 30.02  -35 19 55.1  21.02    21.63   1.81  0.28  -39.0   2.5         0.8  22.20
CGF_2-86    3 38 30.47  -35 22 37.2  21.78 n  21.97   1.17  0.09  -70.5   2.5         0.8  22.94
CGF_1-97    3 38 30.92  -35 29 12.9  21.73    22.39   0.97  0.38    1.9   2.6         0.9  22.94
CGF_1-40    3 38 31.05  -35 27 58.4  20.76    22.24   0.80  0.16   28.8   3.4         1.1  22.76
CGF_2-33    3 38 31.63  -35 26  9.9  20.60    21.20   1.17  0.34   -1.6   2.7         0.8  21.71
CGF_2-59    3 38 32.01  -35 19 21.2  21.29    22.34   1.24  0.08   78.5   2.2         0.8  22.75
CGF_2-3  *  3 38 32.17  -35 24 30.2  18.35    19.25   1.27  0.22  -33.8   4.9  10.8   1.3  20.63
CGF_1-15 *  3 38 32.96  -35 30 12.4  19.09 n  20.51   1.40  0.25  -72.5   6.8  12.0   2.1  22.16
CGF_1-115   3 38 33.25  -35 30  8.9  21.95 n  22.79         0.41   77.9   6.1         4.6  25.00
CGF_1-85    3 38 33.26  -35 29 53.9  21.56    22.14   0.85  0.37   21.9   2.5         0.8  22.63
CGF_1-94    3 38 33.48  -35 28 11.8  21.65    22.18   0.96  0.12   78.3   1.9         0.7  22.68
CGF_1-35    3 38 33.71  -35 28 32.5  20.63    21.78   0.87  0.35   86.4   3.3         1.1  22.36
CGF_1-89    3 38 33.73  -35 27  7.3  21.63    22.65   1.18  0.08  -62.1   2.1         0.8  23.10
CGF_1-117   3 38 33.88  -35 29 35.6  21.97 n  22.69   1.00  0.45   57.1   4.2         1.8  24.06
CGF_2-74    3 38 33.90  -35 24 12.4  21.61    21.99   2.11  0.32   -5.4   2.7         0.8  22.71
CGF_1-92    3 38 34.28  -35 33 27.5  21.63 n  22.09   2.46  0.19   19.9   3.0         1.1  23.12
CGF_2-81    3 38 34.33  -35 23 10.2  21.72    22.29   2.45  0.32  -41.7   2.7         0.8  22.81
CGF_1-46    3 38 34.55  -35 29 42.5  20.92    22.20   1.32  0.40  -22.0   4.0         1.2  22.79
CGF_2-52    3 38 34.68  -35 20 36.0  21.15    22.23   0.96  0.42  -69.7   3.3         1.0  22.62
CGF_1-84    3 38 34.85  -35 28 46.3  21.56    22.04   1.14  0.16   75.3   2.1         0.7  22.54
CGF_1-87    3 38 35.01  -35 33 27.9  21.59 n  23.52         0.72   -3.8  14.9         8.9  25.23
CGF_1-16    3 38 35.16  -35 27 40.7  19.11    19.77   1.22  0.13  -27.0   2.6   6.0   0.7  20.33
CGF_1-33    3 38 35.42  -35 33 24.7  20.54 n  22.76         0.55   -8.9   9.3         3.8  24.31
CGF_2-77    3 38 35.44  -35 23 20.4  21.66 n  22.80   1.11  0.52  -59.3   4.1         1.5  23.66
CGF_1-18 *  3 38 35.93  -35 31 13.5  19.16 n  21.67   1.10  0.51   35.1   8.6  11.0   2.9  22.50
CGF_1-57    3 38 36.06  -35 30 27.4  21.23    21.99   0.74  0.40  -23.6   2.8         1.0  22.58
CGF_1-70    3 38 36.10  -35 32 12.3  21.44    22.01   1.07  0.44   14.0   2.6         0.9  22.54
CGF_1-55    3 38 36.19  -35 27 11.8  21.17 n  21.78   0.51  0.08  -76.1   2.4         0.7  22.22
CGF_2-66    3 38 36.23  -35 19 30.3  21.44    22.38   0.86  0.14  -11.1   2.5         0.9  23.02
CGF_2-30    3 38 36.38  -35 23  0.9  20.53    20.72   0.38  0.11  -74.6   1.9         0.6  21.37
CGF_1-95    3 38 36.44  -35 31 43.2  21.69    22.37   0.77  0.64   39.3   3.9         1.2  23.01
CGF_1-61    3 38 36.61  -35 28 20.9  21.28 n  22.41   1.07  0.39   -1.4   3.7         1.2  23.19
CGF_1-37 *  3 38 37.07  -35 27  9.2  20.66 n  22.50   1.06  0.06   58.6   6.0   7.6   2.7  24.11
CGF_1-69    3 38 37.35  -35 27  9.5  21.41 n  22.17   1.04  0.14   28.8   4.1         2.2  24.13
CGF_1-103   3 38 37.58  -35 30 21.4  21.80 n  22.93   0.93  0.23  -61.0   3.3         1.2  23.60
CGF_2-42    3 38 37.66  -35 26 30.5  21.04 n  21.99   0.92  0.28  -87.4   3.8         1.2  22.86
CGF_2-44    3 38 38.11  -35 22 51.3  21.07    21.12   0.84  0.05    6.7   1.5         0.5  21.42
CGF_1-52    3 38 38.14  -35 28 23.0  21.10 n  22.35   1.64  0.06  -75.6   2.9         1.0  22.91
CGF_2-35    3 38 38.43  -35 22 56.0  20.84    21.35   1.41  0.48   22.0   3.0         1.0  22.01
CGF_1-71    3 38 38.65  -35 29 35.0  21.44    21.98   0.65  0.20  -44.3   2.4         0.7  22.60
CGF_1-105   3 38 38.78  -35 28 19.5  21.81 n  23.04   1.57  0.67  -82.6   5.7         2.0  24.01
CGF_2-61    3 38 39.05  -35 26 14.7  21.29 n  21.84   1.05  0.12  -11.2   3.4         1.2  23.07
CGF_2-28 *  3 38 39.38  -35 24 30.8  20.44 n  22.17   0.76  0.50   89.2   7.0   9.0   2.1  23.18
CGF_1-77    3 38 39.38  -35 31 45.7  21.50 n  23.30   1.53  0.78  -53.2   9.4         2.8  24.08
CGF_2-87    3 38 39.40  -35 26 15.8  21.83 n  23.03         0.31    1.3   4.8         2.7  24.62
CGF_1-112   3 38 39.95  -35 27 57.6  21.93    22.44   1.26  0.52   63.3   2.7         1.0  23.18
CGF_2-54    3 38 39.95  -35 23 12.0  21.18 n  22.70   0.87  0.64    4.0   5.7         1.8  23.32
CGF_2-49    3 38 40.12  -35 25 20.9  21.14    21.47   1.33  0.36   49.4   2.5         0.7  22.02
CGF_2-9  *  3 38 40.58  -35 20 24.5  19.16 n  20.93   0.91  0.46  -25.7   9.5   9.0   3.7  22.66
CGF_1-25    3 38 40.66  -35 27 50.2  20.19    20.90   1.11  0.04   -4.2   2.7   6.6   0.7  21.52
CGF_1-9  *  3 38 40.93  -35 27 26.7  18.48    19.84   1.10  0.25   57.5   5.8  10.0   1.7  21.31
CGF_1-116   3 38 41.07  -35 32 27.3  21.96    23.37   0.68  0.13  -21.6   3.2         1.2  24.15
CGF_1-12 *  3 38 41.61  -35 27 25.1  18.83 n  20.37   1.17  0.59   55.4   7.5  14.4   2.0  21.37
CGF_2-25 *  3 38 41.61  -35 20 15.6  20.40    21.55   1.70  0.17  -33.5   3.7   7.0   1.2  22.49
CGF_2-72    3 38 41.63  -35 23 44.5  21.53 n  22.27   2.23  0.41   -1.6   4.0         1.3  23.40
CGF_2-93    3 38 41.91  -35 23  1.3  21.94    22.73   1.05  0.49  -58.7   3.5         1.1  23.38
CGF_1-5  *  3 38 42.02  -35 27  2.0  17.99    20.42   1.04  0.42  -81.4   7.9  15.0   2.6  21.45
CGF_2-90    3 38 42.22  -35 23  4.0  21.93 n  22.74   1.56  0.50   15.7   3.7         1.1  23.46
CGF_1-44 *  3 38 42.26  -35 33  8.2  20.88 n  23.29   0.82  0.33  -21.2   8.0  12.0   6.7  25.09
CGF_2-47    3 38 42.32  -35 26 37.4  21.11 n  22.74   1.49  0.28  -88.5   5.8         2.2  23.95
CGF_2-75    3 38 42.39  -35 20 11.6  21.64    22.34   1.80  0.48   11.6   3.6         1.0  22.96
CGF_1-27 *  3 38 42.52  -35 30 49.2  20.35    21.58   1.12  0.50  -21.4   5.1   8.0   1.4  22.38
CGF_1-59    3 38 42.61  -35 30 13.3  21.27    22.29   1.16  0.56   -6.8   4.3         1.4  23.03
CGF_1-51    3 38 43.31  -35 26 58.6  20.99    22.08   1.93  0.24   53.2   3.4         1.1  22.83
CGF_2-1  *  3 38 43.61  -35 25 35.6  17.66    19.95   1.49  0.81   66.4  20.5  26.0   4.7  21.13
CGF_2-46    3 38 44.05  -35 21 55.1  21.10    22.61   1.25  0.73  -17.4   6.7         1.9  23.07
CGF_2-29    3 38 44.12  -35 26 26.8  20.51 n  20.87   1.40  0.27  -36.3   4.0         1.1  22.13
CGF_2-95    3 38 44.24  -35 21  8.1  21.96    22.56   1.13  0.42  -46.9   2.9         1.0  23.26
CGF_2-24 *  3 38 44.67  -35 22  2.1  20.20    20.99   1.61  0.34  -30.4   4.3   8.0   1.2  22.15
CGF_2-5  *  3 38 44.74  -35 25  6.5  18.59    20.74   1.25  0.23   16.2   7.0  13.6   2.3  22.12
CGF_1-3  *  3 38 44.75  -35 27  1.3  17.48    19.71   1.21  0.25   23.4   7.7  17.2   2.3  20.99
CGF_1-109   3 38 44.81  -35 29 21.4  21.91    23.10   1.50  0.28   21.1   2.7         1.0  23.56
CGF_2-56    3 38 44.82  -35 23 20.5  21.27 n  22.65   1.33  0.13  -57.3   3.3         1.1  23.22
CGF_2-21 *  3 38 45.14  -35 23 15.3  20.05 n  22.58   0.69  0.16   56.6   6.2   8.8   2.2  23.64
CGF_2-76    3 38 45.34  -35 20 28.6  21.64    21.63   1.06  0.04   49.5   1.6         0.5  22.29
CGF_2-63    3 38 45.43  -35 23 37.1  21.37    21.95   0.61  0.33    9.5   2.7         0.8  22.52
CGF_1-14 *  3 38 45.47  -35 29 53.9  19.08    19.75   1.18  0.39   59.6   3.4   8.0   1.0  20.43
CGF_1-48    3 38 45.51  -35 28 17.3  20.95    21.70   1.88  0.26   23.2   2.9         1.0  22.48
CGF_2-22 *  3 38 45.75  -35 23 19.3  20.12    21.43   0.83  0.25  -60.8   3.2   5.2   1.1  22.01
CGF_2-48    3 38 45.90  -35 22 27.2  21.13    22.90   0.63  0.50   49.1   5.6         1.9  23.79
CGF_1-114   3 38 45.97  -35 27 21.3  21.94 n  23.10   1.91  0.40   82.6   3.9         1.4  24.06
CGF_2-2  *  3 38 45.97  -35 22 52.3  17.82    18.66   1.00  0.39  -60.9   6.8  20.2   1.5  20.14
CGF_1-45    3 38 46.11  -35 29 19.3  20.90    22.16   1.26  0.59   33.1   4.8         1.5  22.80
CGF_2-18 *  3 38 46.15  -35 22 35.2  19.91    21.43   1.58  0.45   68.4   6.9  10.0   2.0  22.77
CGF_1-41    3 38 46.41  -35 27 58.0  20.85    21.34   1.22  0.08   11.5   2.2         0.7  21.92
CGF_2-32    3 38 46.42  -35 26 41.4  20.60    21.62   2.29  0.23   61.2   4.1         1.2  22.71
CGF_2-17 *  3 38 46.44  -35 20 55.9  19.82    22.47   0.87  0.26  -71.3   7.3  11.0   2.7  23.67
CGF_2-45    3 38 46.58  -35 24  8.1  21.10    21.35   1.09  0.21   28.4   2.2         0.7  22.01
CGF_1-90    3 38 46.64  -35 30 28.8  21.63    22.06   0.79  0.33   53.8   2.2         0.7  22.37
CGF_2-43    3 38 46.71  -35 19 29.4  21.05    22.25   0.97  0.64  -60.0   4.8         1.5  22.82
CGF_2-27 *  3 38 46.72  -35 22 10.5  20.43    21.86   0.65  0.46   63.7   4.3   7.6   1.4  22.46
CGF_2-79    3 38 46.80  -35 24 23.1  21.68    22.25   1.06  0.20   47.6   2.5         0.8  23.00
CGF_2-85    3 38 47.30  -35 23 46.1  21.77    22.42   1.62  0.46  -12.7   2.6         1.0  22.97
CGF_2-57    3 38 47.60  -35 25 47.4  21.27    22.72   1.64  0.58   14.0   4.8         1.6  23.28
CGF_1-118   3 38 47.80  -35 33 31.6  21.99    23.14   0.93  0.45   68.5   3.7         1.4  24.10
CGF_1-21 *  3 38 48.20  -35 33 18.9  19.61    20.39   1.35  0.24   66.8   3.6   8.6   1.0  21.20
CGF_2-12 *  3 38 48.53  -35 24 31.7  19.29 n  21.59   1.07  0.61  -89.5   7.8  11.0   2.4  22.21
CGF_2-70    3 38 48.54  -35 19 57.9  21.49 n  22.88   1.52  0.39   29.2   3.6         1.4  23.61
CGF_1-36    3 38 48.83  -35 33 17.5  20.66    22.19   2.41  0.29  -55.5   5.1         1.9  23.62
CGF_2-71    3 38 48.85  -35 25 50.2  21.51    21.87   0.89  0.30   67.8   2.2         0.7  22.31
CGF_1-13 *  3 38 49.07  -35 33 44.1  18.97    21.87   1.03  0.76   83.8  16.7  19.0   4.8  22.81
CGF_2-19 *  3 38 49.08  -35 24 10.1  19.99 n  21.11   1.14  0.43   52.2   4.1   6.4   1.2  21.69
CGF_2-6  *  3 38 49.10  -35 25 30.3  18.62    19.62   1.02  0.15   -8.1   3.8   8.8   1.0  20.49
CGF_2-10 *  3 38 49.14  -35 22 46.0  19.18    19.92   1.15  0.23  -28.1   3.6   7.4   1.0  20.94
CGF_1-22 *  3 38 49.21  -35 29 19.6  19.74    21.46   0.82  0.22  -32.9   4.1   6.4   1.3  22.04
CGF_2-55    3 38 49.29  -35 20 42.2  21.24 n  21.99   0.92  0.55  -21.9   3.6         1.1  22.56
CGF_1-106   3 38 49.47  -35 32 53.4  21.85 n  22.67   1.06  0.44  -78.7   3.9         1.2  23.43
CGF_2-69    3 38 49.62  -35 20 36.4  21.46 n  23.21   1.47  0.54   -9.5   6.1         2.0  24.12
CGF_1-107   3 38 49.65  -35 27 22.7  21.85 n  22.32   2.09  0.40  -17.2   3.3         1.1  23.18
CGF_2-67    3 38 49.96  -35 20 21.3  21.46    22.53   1.11  0.19  -82.0   2.8         1.0  23.12
CGF_1-39    3 38 49.97  -35 27 26.6  20.71 n  21.87   2.01  0.33   59.0   5.1         1.7  23.09
CGF_1-23 *  3 38 50.28  -35 27 40.3  19.89    21.75   1.13  0.67   28.4   7.3   9.4   2.0  22.23
CGF_1-17 *  3 38 50.31  -35 30 56.9  19.14    20.23   1.39  0.12   20.3   4.5   9.2   1.2  21.43
CGF_2-64    3 38 50.59  -35 20 46.8  21.42 n  23.11   1.69  0.18    1.4   3.3         1.3  23.73
CGF_1-43    3 38 50.64  -35 33 48.6  20.87 n  21.56         0.28  -78.0   5.4         3.0  24.03
CGF_1-111   3 38 50.67  -35 33 12.2  21.93    23.14   0.94  0.16  -43.2   3.0         1.1  23.94
CGF_1-101   3 38 50.84  -35 33 49.6  21.75 n  22.72         0.29   68.2   6.4         3.5  24.06
CGF_2-92    3 38 51.13  -35 19 40.2  21.94    22.92   1.25  0.21   34.1   3.1         1.2  24.00
CGF_2-15 *  3 38 51.19  -35 22 15.8  19.55 n  20.35   1.56  0.10   57.0   3.6   8.0   1.0  21.31
CGF_1-38    3 38 51.22  -35 33 49.2  20.71 n  21.90         0.35   41.2   8.6         5.4  24.63
CGF_2-65    3 38 51.39  -35 20 13.5  21.43    22.77   0.66  0.48  -80.3   3.8         1.3  23.28
CGF_1-68    3 38 51.49  -35 32 55.3  21.39    23.08   1.41  0.77   14.3   8.2         2.5  23.70
CGF_2-14    3 38 51.50  -35 24 22.2  19.48    19.65   1.08  0.09   -9.4   2.0   5.4   0.5  20.06
CGF_1-2  *  3 38 51.51  -35 26 50.5  17.37 n  18.92   1.23  0.04  -45.3   6.6  19.4   1.7  20.48
CGF_1-54    3 38 51.58  -35 29 48.0  21.14    22.64   0.86  0.68    4.9   5.6         1.8  23.15
CGF_1-31 *  3 38 51.60  -35 32 29.0  20.45    21.89   1.54  0.14   74.4   3.8   6.0   1.2  22.70
CGF_1-119   3 38 51.67  -35 28 58.7  21.99    22.50   0.63  0.37  -57.8   2.0         0.7  22.88
CGF_2-39    3 38 51.73  -35 20  5.8  20.92 n  22.62   1.79  0.35  -24.3   5.0         1.6  23.41
CGF_2-8  *  3 38 51.76  -35 22 18.0  18.97 n  21.49   1.31  0.47   38.8  12.8  10.6   3.5  22.54
CGF_1-81    3 38 51.93  -35 28 32.8  21.51    22.61   0.97  0.19   22.6   2.9         1.0  23.17
CGF_1-30 *  3 38 51.97  -35 28 26.8  20.43 n  21.77   1.28  0.15   54.8   3.5   5.4   1.4  22.59
CGF_2-40    3 38 52.19  -35 26 41.3  20.96 n  22.57   1.62  0.45   43.1   6.2         2.2  23.60
CGF_1-28 *  3 38 52.26  -35 27 52.5  20.36 n  21.62   0.71  0.46   34.6   4.7   6.6   1.4  22.29
CGF_1-80    3 38 52.59  -35 33 37.4  21.51 n  23.29   0.45  0.07   29.9   3.8         1.6  24.57
CGF_1-53    3 38 52.62  -35 26 52.7  21.12    22.05   1.88  0.07  -19.3   3.1         1.0  23.06
CGF_1-64    3 38 52.90  -35 32 36.6  21.33    22.56   1.03  0.22   70.2   3.0         1.0  22.97
CGF_2-16 *  3 38 53.08  -35 24 48.7  19.80    21.85   0.81  0.25   25.2   5.3   8.0   1.8  22.75
CGF_1-58    3 38 53.09  -35 30 56.1  21.26    22.02   0.60  0.13  -35.4   2.8         1.0  23.02
CGF_2-94    3 38 53.19  -35 23 27.3  21.96    22.68   2.30  0.19   78.0   2.7         0.9  23.43
CGF_2-53    3 38 53.50  -35 24 55.3  21.16 n  23.00   1.18  0.15   55.8   4.2         1.6  23.82
CGF_2-84    3 38 53.53  -35 24 59.5  21.77 n  22.95   0.87  0.56   10.4   4.8         1.6  23.80
CGF_1-99    3 38 53.80  -35 28 45.6  21.75    22.28   1.82  0.14   37.8   2.2         0.7  22.92
CGF_2-62    3 38 53.84  -35 25 14.2  21.33 n  22.52   0.69  0.69  -19.4   7.1         1.9  23.46
CGF_1-98    3 38 53.93  -35 29  8.2  21.74    22.77   1.00  0.09   27.3   2.7         0.9  23.39
CGF_1-4  *  3 38 54.05  -35 33 33.9  17.87    19.14   1.12  0.02   84.1   4.0  11.2   1.1  20.03
CGF_1-83    3 38 54.23  -35 30 56.8  21.55    22.60   1.14  0.51   68.7   3.5         1.2  23.09
CGF_1-19 *  3 38 54.48  -35 27 55.9  19.55 n  20.42   1.38  0.19   59.1   4.1   8.6   1.2  21.58
CGF_1-73    3 38 54.56  -35 32 37.8  21.48    22.59   1.72  0.32    8.1   3.6         1.2  23.48
CGF_1-42 *  3 38 54.64  -35 29 31.8  20.85    22.60   1.03  0.66   57.7   7.2   8.4   2.0  23.25
CGF_1-7  *  3 38 54.70  -35 31  4.6  18.36    19.98   1.10  0.05  -10.9   4.1  10.0   1.3  20.86
CGF_1-82    3 38 55.39  -35 29  0.1  21.52 n  22.66   2.18  0.12   10.4   4.7         2.0  24.22
CGF_2-80    3 38 55.46  -35 23 21.6  21.71    21.71   0.60  0.12  -70.1   1.6         0.5  22.28
CGF_1-104   3 38 55.60  -35 29  0.5  21.80 n  22.73   2.17  0.19  -75.9   4.2         2.2  24.38
CGF_1-49    3 38 55.66  -35 30 32.7  20.96    21.48   1.30  0.33   -5.1   2.5         0.8  22.07
CGF_2-11 *  3 38 55.87  -35 25 51.7  19.21    21.23   1.08  0.19  -76.2   4.7   7.6   1.7  22.14
CGF_1-86    3 38 56.30  -35 33 44.3  21.58    23.31         0.06   78.6   3.8         1.4  24.28
CGF_2-37    3 38 56.31  -35 24 58.0  20.90    22.38   1.20  0.25  -38.5   3.2         1.1  22.76
CGF_1-60    3 38 56.31  -35 27 20.2  21.28    21.90   1.89  0.16    1.9   2.6         0.8  22.61
CGF_1-88    3 38 56.42  -35 32 11.4  21.63    22.68   0.55  0.20   79.6   2.8         0.9  23.14
CGF_1-113   3 38 56.50  -35 30 59.0  21.93    22.97   1.56  0.16  -24.0   2.9         1.1  23.90
CGF_1-56    3 38 57.00  -35 31 11.1  21.17    22.52   0.88  0.06  -70.4   2.8         1.0  23.16
CGF_2-50    3 38 57.01  -35 23 11.9  21.15    21.78   2.18  0.17   25.0   2.9         0.9  22.63
CGF_1-6  *  3 38 57.22  -35 32 33.8  18.34 n  19.94   1.28  0.13   24.5   6.1  14.0   1.7  21.33
CGF_1-96    3 38 57.31  -35 28  0.8  21.71    22.73   0.72  0.42   10.5   3.0         1.0  23.18
CGF_2-83    3 38 57.43  -35 21 52.9  21.75 n  23.21   1.75  0.51   86.3   8.2         4.5  25.23
CGF_1-24 *  3 38 57.57  -35 28  6.1  20.18    21.05   1.37  0.46   54.6   4.2   7.0   1.2  21.94
CGF_2-89    3 38 57.83  -35 21 46.5  21.90    22.84   1.41  0.24   80.5   2.5         0.8  23.15
CGF_1-50    3 38 57.86  -35 31 28.0  20.98    22.86   1.33  0.16   -1.3   3.7         1.4  23.55
CGF_1-62    3 38 57.96  -35 33 17.4  21.31    22.15   0.85  0.50    9.4   3.1         1.0  22.62
CGF_1-65    3 38 58.04  -35 32 52.0  21.37    21.80   1.57  0.28   -0.2   2.2         0.7  22.37
CGF_1-66    3 38 58.11  -35 27  3.9  21.38    21.96   1.97  0.24   44.1   2.6         0.8  22.60
CGF_1-100   3 38 58.70  -35 28 15.0  21.75    22.41   1.47  0.50  -40.2   3.1         1.1  23.16
CGF_1-26    3 38 58.94  -35 31 14.3  20.35    21.26   0.98  0.20   29.1   2.8   5.0   0.9  21.85
CGF_2-88    3 38 59.37  -35 22 11.9  21.85    22.55   1.13  0.12  -26.0   2.0         0.7  22.87
CGF_1-74    3 38 59.51  -35 29  4.1  21.49 n  23.29   1.59  0.41   22.6   4.6         1.7  24.01
CGF_1-10 *  3 38 59.58  -35 30 31.7  18.69    20.44   1.41  0.11  -88.2   6.9  12.0   2.1  22.16
CGF_1-63    3 38 59.79  -35 32  0.8  21.33    22.68   1.46  0.30   54.1   3.2         1.1  23.12
CGF_2-13 *  3 38 59.91  -35 25 59.0  19.43 n  21.02   1.49  0.23   17.8   5.5   9.0   2.0  22.59
CGF_2-31    3 39  0.10  -35 22  6.9  20.60    21.05   0.74  0.24  -67.7   2.2         0.7  21.48
CGF_2-91    3 39  0.13  -35 22 45.7  21.93 n  23.17   1.61  0.37   10.3   4.3         1.6  24.25
CGF_2-60    3 39  0.31  -35 21 30.0  21.29    21.70   1.42  0.17   43.4   2.1         0.7  22.24
CGF_1-76    3 39  0.37  -35 26 57.1  21.50    22.53   1.24  0.17   32.5   2.8         1.0  23.19
CGF_1-93    3 39  0.62  -35 26 46.2  21.64    22.72   0.81  0.22   52.2   3.1         1.0  23.43
CGF_2-7  *  3 39  0.98  -35 20 29.2  18.73 n  21.45   0.87  0.65  -65.9  10.2  16.0   3.5  22.30
CGF_1-110   3 39  1.22  -35 29 47.2  21.91    22.62   2.06  0.37  -87.8   3.1         1.0  23.41
CGF_2-78    3 39  1.65  -35 26 18.6  21.67    22.60   1.43  0.28   57.1   3.3         1.1  23.50
CGF_1-75    3 39  1.74  -35 26 56.8  21.49    22.65   0.80  0.11   -3.9   3.0         1.0  23.28
CGF_2-4  *  3 39  1.77  -35 22 56.6  18.51    20.54   1.13  0.15  -44.4   5.3  11.0   1.7  21.48
CGF_2-38    3 39  1.82  -35 19 15.3  20.92    21.42   1.79  0.50  -38.9   2.9         1.0  22.01
CGF_2-34    3 39  2.09  -35 24  6.2  20.83    22.20   1.49  0.64  -44.8   5.0         1.6  22.68
CGF_2-36    3 39  2.29  -35 24 57.1  20.86    22.36   1.15  0.66  -81.4   7.4         2.2  23.38
CGF_1-47    3 39  2.29  -35 32 16.6  20.92    22.40   1.31  0.59  -62.9   5.0         1.6  22.91
CGF_1-91    3 39  2.40  -35 32 30.8  21.63 n  23.19   1.79  0.34  -88.0   4.7         1.6  23.90
CGF_1-72    3 39  2.61  -35 33 34.4  21.48    22.64   1.58  0.13   79.5   2.8         1.0  23.20
CGF_2-20 *  3 39  2.88  -35 24 33.5  20.04 n  20.78   1.15  0.32    3.7   3.9   7.6   1.0  21.66
CGF_1-29    3 39  3.03  -35 31 57.6  20.42    21.78   1.51  0.11  -73.9   4.0   6.2   1.3  22.83
CGF_2-73    3 39  3.14  -35 24 16.5  21.59    22.51   0.89  0.16  -85.9   3.0         1.2  23.85
CGF_2-68    3 39  3.34  -35 19 17.8  21.46    22.58   2.29  0.19    3.9   3.5         1.2  23.61
CGF_2-23 *  3 39  3.40  -35 25 47.7  20.13    21.10   1.71  0.07   50.4   4.1   7.4   1.2  22.35
CGF_1-102   3 39  3.46  -35 28  6.7  21.75 n  23.49   1.49  0.32  -39.1   4.0         1.5  24.20
CGF_1-78    3 39  3.58  -35 27 32.4  21.51    21.70   1.09  0.20   13.5   1.9         0.6  22.20
CGF_1-79    3 39  3.74  -35 32 51.6  21.51    23.16   1.08  0.07   59.3   3.4         1.2  23.87
CGF_2-26 *  3 39  5.13  -35 23 13.6  20.42    21.86   1.07  0.33   27.8   4.1   7.4   1.2  22.43
CGF_1-108   3 39  5.30  -35 29 39.9  21.86    22.85   1.74  0.38  -16.9   3.0         1.2  23.62
CGF_2-82    3 39  5.43  -35 21 17.4  21.75 n  21.96   1.68  0.24    8.3   2.2         0.7  22.54
CGF_5-15    3 39  6.93  -35 30 36.8  20.32    21.46   1.70  0.10  -30.6   3.0   5.6   0.9  21.97
CGF_5-8  *  3 39  7.65  -35 29 59.7  19.60    22.40   1.10  0.21   25.3   6.7  10.0   2.4  23.33
CGF_5-60    3 39  7.74  -35 30 20.3  21.82    23.26   1.06  0.21    7.3   3.2         1.1  23.78
CGF_5-35    3 39  8.34  -35 29 50.5  21.27    22.11   1.10  0.11   20.7   2.1         0.7  22.56
CGF_5-62    3 39  9.25  -35 29 47.2  21.83    22.83   1.57  0.11   51.9   2.7         0.9  23.47
CGF_5-71    3 39  9.31  -35 29  6.2  21.92    23.09   2.32  0.39   55.2   3.5         1.2  23.69
CGF_5-32    3 39 10.12  -35 30 53.9  21.22    22.02         0.29  -66.2   2.8         1.0  22.74
CGF_5-52    3 39 11.09  -35 29 39.1  21.57    23.34   1.31  0.47   13.7   4.7         1.5  23.80
CGF_5-28    3 39 11.67  -35 29 53.1  21.12 n  22.42   1.25  0.05  -41.3   3.2         1.0  22.89
CGF_5-50    3 39 11.98  -35 29 51.3  21.56 n  22.65   1.70  0.07  -24.4   3.0         0.9  23.17
CGF_5-55    3 39 14.49  -35 30 21.1  21.68    23.19   1.80  0.21  -65.2   3.1         1.2  23.77
CGF_5-18    3 39 14.83  -35 24 14.4  20.57    22.04   1.49  0.28    3.8   4.4         1.3  22.80
CGF_5-34    3 39 14.87  -35 30 45.9  21.24 n  22.93   0.87  0.50  -12.0   5.3         1.6  23.57
CGF_5-66    3 39 14.99  -35 26 48.1  21.89    23.02   2.29  0.08   26.9   3.0         1.0  23.86
CGF_5-70    3 39 15.74  -35 26 32.8  21.92    23.10   1.22  0.12   40.3   3.1         1.0  23.87
CGF_5-63    3 39 16.03  -35 23 17.4  21.83    23.83   0.60  0.40  -46.4   4.9         2.7  25.49
CGF_5-47    3 39 16.23  -35 25  0.9  21.53 n  23.26   1.21  0.23  -26.9   5.0         1.8  24.26
CGF_5-37    3 39 16.30  -35 30  0.2  21.34    23.22   1.42  0.05   53.4   3.7         1.2  23.78
CGF_5-59    3 39 16.39  -35 23 47.4  21.79    23.23   2.21  0.02  -89.8   3.3         1.4  24.47
CGF_5-68    3 39 16.43  -35 23 25.6  21.90    23.71   0.86  0.28  -14.8   4.6         1.8  24.91
CGF_5-61    3 39 16.47  -35 25 41.5  21.82    23.31   2.28  0.33  -79.7   4.4         1.5  24.26
CGF_5-33    3 39 16.80  -35 23 18.7  21.22    22.54   2.13  0.15   84.5   3.5         1.1  23.26
CGF_5-77    3 39 17.12  -35 23 56.9  21.96 n  23.34   1.49  0.24   32.1   3.3         1.1  23.82
CGF_5-75    3 39 17.26  -35 23 53.1  21.95 n  23.19   2.24  0.06   41.4   3.0         1.0  23.78
CGF_5-29    3 39 17.27  -35 25 34.3  21.12    22.36   1.15  0.29  -62.6   3.3         1.0  22.84
CGF_5-54    3 39 17.44  -35 25  0.3  21.62    22.98   2.31  0.15   81.0   3.4         1.2  23.77
CGF_5-46    3 39 17.56  -35 27 19.2  21.53    22.99   1.43  0.14  -73.7   2.7         1.0  23.45
CGF_5-40    3 39 18.14  -35 24 23.5  21.43 n  22.83   1.16  0.24   24.3   4.2         1.3  23.56
CGF_5-13 *  3 39 18.44  -35 24  0.5  20.03    22.11   0.74  0.27   85.1   4.5   7.6   1.6  22.81
CGF_5-7  *  3 39 18.61  -35 27 42.9  19.41 n  21.51   1.48  0.52   16.5  11.7  10.0  10.7  21.61
CGF_5-56    3 39 18.87  -35 25 39.6  21.75    23.39   1.86  0.14   70.5   3.0         1.2  24.05
CGF_5-64    3 39 18.98  -35 24 47.8  21.86    23.32   0.79  0.58  -14.1   4.9         1.6  24.01
CGF_5-48    3 39 19.17  -35 23 58.9  21.54    22.75   1.13  0.38  -55.1   3.3         1.2  23.38
CGF_5-20    3 39 19.65  -35 23 38.3  20.64    22.47   1.54  0.57  -48.8   5.8         1.8  23.07
CGF_5-49    3 39 20.09  -35 24 18.9  21.56 n  22.90   2.32  0.24  -49.0   5.3         2.4  24.50
CGF_5-27    3 39 20.42  -35 26 49.1  21.09    22.30   1.08  0.06   18.6   2.4         0.8  22.63
CGF_5-17    3 39 21.00  -35 27  3.1  20.50    22.36   1.38  0.33   86.7   4.4         1.6  23.07
CGF_5-41    3 39 21.48  -35 29 21.2  21.43    22.69   2.10  0.17   74.5   3.5         1.2  23.56
CGF_5-2  *  3 39 22.44  -35 25 30.9  18.06 n  20.41   1.24  0.46   36.4   7.7  17.2   2.8  21.36
CGF_5-5  *  3 39 22.63  -35 25 29.1  19.36 n  21.07   0.75  0.22   54.9   7.7   9.5   3.7  22.37
CGF_5-45    3 39 23.97  -35 23 19.2  21.51    23.20   1.26  0.12  -34.1   3.6         1.2  23.86
CGF_5-44    3 39 24.24  -35 24 19.0  21.50    23.20   1.08  0.41   55.1   4.9         1.8  24.21
CGF_5-72    3 39 24.89  -35 29  9.3  21.93    23.37   1.76  0.41   37.9   3.7         1.3  23.94
CGF_5-14 *  3 39 24.90  -35 26 52.8  20.30    22.09   2.03  0.40  -86.3   5.4   8.6   1.6  22.83
CGF_5-57    3 39 25.06  -35 24  1.2  21.75    23.39   2.17  0.12  -28.5   3.4         2.0  25.13
CGF_5-31    3 39 25.07  -35 24 15.8  21.20    22.81   1.04  0.53  -79.7   4.7         1.5  23.29
CGF_5-76    3 39 25.26  -35 24 49.8  21.95    23.16   1.21  0.31  -81.4   3.6         1.2  24.02
CGF_5-51    3 39 25.32  -35 28 38.0  21.57    22.55   2.19  0.19  -19.1   2.8         0.9  23.10
CGF_5-58    3 39 25.54  -35 29  2.3  21.78    22.79   2.25  0.13    4.0   2.8         1.0  23.70
CGF_5-39    3 39 25.54  -35 24 25.2  21.42    23.34   1.70  0.47   75.5   5.8         1.9  24.18
CGF_5-24    3 39 25.64  -35 29 15.9  20.90 n  22.35   2.22  0.10  -52.4   5.8         2.8  24.31
CGF_5-26    3 39 25.64  -35 29 37.3  21.06 n  22.37   2.07  0.11   63.7   3.9         1.2  23.29
CGF_5-10 *  3 39 25.66  -35 23 50.2  19.74    21.49   1.06  0.14  -35.7   4.5   7.6   1.4  22.29
CGF_5-21    3 39 25.67  -35 25 45.3  20.67    22.34   0.90  0.10   16.0   3.6         1.2  23.04
CGF_5-69    3 39 25.85  -35 29 42.3  21.91 n  23.50   2.22  0.11  -61.7   3.6         1.3  24.27
CGF_5-1  *  3 39 26.01  -35 24 14.5  17.31    19.04   1.20  0.49  -55.5   7.0  16.0   1.8  19.91
CGF_5-43    3 39 26.20  -35 25 19.9  21.50    22.92   1.41  0.10  -14.9   2.8         1.0  23.31
CGF_5-23    3 39 26.31  -35 28 38.6  20.81    23.00   1.60        -74.4   3.9         1.4  23.62
CGF_5-22    3 39 26.52  -35 23 21.9  20.70    22.51   0.86  0.56   -8.7   6.2         1.8  23.19
CGF_5-19    3 39 28.59  -35 24 38.0  20.61    22.68   0.75  0.38   51.6   4.3         1.6  23.20
CGF_5-30    3 39 28.82  -35 23 49.1  21.18 n  22.53   1.22  0.24   31.4   3.8         1.1  23.02
CGF_5-6  *  3 39 29.37  -35 23 50.3  19.39 n  21.17   1.55  0.01  -68.3   4.6   8.8   1.4  22.06
CGF_5-11 *  3 39 29.60  -35 26 52.0  19.76    21.43   0.80  0.19   81.2   3.3   6.2   1.1  21.76
CGF_5-67    3 39 30.13  -35 28 56.7  21.89    23.34   1.69  0.36   57.5   3.6         1.3  23.98
CGF_5-53    3 39 32.49  -35 27 41.3  21.58    23.18   1.73  0.41   46.3   4.5         1.5  23.89
CGF_5-9  *  3 39 33.67  -35 27  6.8  19.67    21.79   0.82  0.54  -19.2   6.8   9.8   2.0  22.35
CGF_5-12 *  3 39 33.68  -35 25 52.9  19.93    22.61   1.19  0.14  -39.0   4.9   7.6   1.8  23.13
CGF_5-78    3 39 34.02  -35 27 51.0  21.96    23.14   1.07  0.36  -10.7   3.2         1.1  23.70
CGF_5-3  *  3 39 34.31  -35 27 22.0  18.48 n  20.70   1.30  0.27   19.1   7.8  13.4   2.2  21.85
CGF_5-65    3 39 34.84  -35 30 20.8  21.89    23.18   1.04  0.09   73.2   2.7         1.0  23.73
CGF_5-38    3 39 34.95  -35 27 59.4  21.42 n  22.77   1.61  0.48   33.6   6.0         1.8  23.70
CGF_5-16 *  3 39 34.99  -35 27 20.4  20.45 n  22.24   1.73  0.51   -9.9  17.5  10.0   8.5  24.41
CGF_5-73    3 39 35.13  -35 26 45.3  21.94    23.12   0.95  0.27   -7.6   3.1         1.0  23.69
CGF_5-36    3 39 35.28  -35 30 31.4  21.31    23.03   1.80  0.15   23.8   3.8         1.2  23.61
CGF_5-25    3 39 35.41  -35 25 23.8  20.93    21.82   0.95  0.02   71.6   2.2         0.7  22.33
CGF_5-4  *  3 39 35.92  -35 28 24.9  19.05    19.96   0.97  0.04  -25.1   3.0   7.5   0.8  20.61
CGF_5-74    3 39 36.13  -35 24 59.3  21.94    22.85   1.29  0.31  -21.3   2.8         0.9  23.31
CGF_5-42    3 39 37.45  -35 28 34.3  21.48    23.08   1.12  0.49   65.8   4.5         1.5  23.68
CGF_7-70    3 39 48.59  -35 37 18.1  21.94    22.56   0.86  0.14  -11.7   1.9         0.7  22.96
CGF_7-25    3 39 48.68  -35 36 15.2  20.65    21.11   1.37  0.20   33.5   2.4         0.7  21.76
CGF_7-50    3 39 49.36  -35 32 50.3  21.42    22.24   2.42  0.03  -22.8   2.6         0.8  22.89
CGF_7-44    3 39 49.57  -35 35  6.8  21.18    21.92   1.55  0.17   67.3   2.6         0.7  22.32
CGF_7-46    3 39 50.20  -35 34 41.2  21.19    22.67   0.76  0.47  -39.2   4.3         1.4  23.18
CGF_7-14 *  3 39 50.54  -35 35 40.7  20.24    21.76   1.11  0.22   37.2   3.3   5.6   1.2  22.29
CGF_7-9  *  3 39 51.83  -35 33  5.4  19.72    21.72   0.88  0.39  -38.2   4.9   8.6   1.6  22.17
CGF_7-57    3 39 51.89  -35 33 40.2  21.69    22.60   0.98  0.43  -72.9   2.9         1.0  22.99
CGF_7-10 *  3 39 52.51  -35 34 46.9  19.81    21.53   1.55  0.14  -17.1   4.2   7.4   1.2  22.07
CGF_7-67    3 39 52.56  -35 37 31.1  21.91    23.03   1.40  0.39  -11.8   2.8         1.1  23.54
CGF_7-29    3 39 52.90  -35 33 33.5  20.78    22.02   0.91  0.64  -74.4   5.4         1.6  22.61
CGF_7-39    3 39 53.03  -35 38 19.5  20.99    22.49   1.24  0.27   18.5   3.3         1.2  23.08
CGF_7-41    3 39 53.51  -35 35 50.8  21.06    22.94   1.21  0.51    3.6   4.6         1.8  23.59
CGF_7-51    3 39 54.10  -35 32 28.7  21.44    22.41   1.64  0.24  -24.7   2.6         0.8  22.67
CGF_7-43    3 39 54.43  -35 33 36.8  21.13    22.60   1.38  0.38   38.4   4.5         1.5  23.48
CGF_7-8  *  3 39 54.43  -35 38 51.7  19.72    20.81   1.12  0.34   76.3   3.4   7.0   1.0  21.30
CGF_7-30    3 39 55.40  -35 36 11.7  20.83 n  23.19   1.22  0.23   68.3   5.4         1.9  23.85
CGF_7-59    3 39 55.55  -35 37 17.7  21.72    22.10   1.52  0.07  -43.2   1.7         0.5  22.31
CGF_7-40    3 39 55.58  -35 32  2.5  21.04    22.91   1.00  0.43   66.7   5.6         1.8  23.66
CGF_7-34    3 39 56.08  -35 37 11.1  20.93 n  22.28   0.46  0.31   49.0   4.8         1.5  23.11
CGF_7-65    3 39 56.56  -35 38 17.2  21.88 n  23.44   0.99  0.19   60.3   3.7         1.3  24.22
CGF_7-62    3 39 56.72  -35 39  8.5  21.79    22.76   1.26  0.44   19.0   3.4         1.1  23.33
CGF_7-3  *  3 39 57.97  -35 35 37.0  18.99    20.22   1.40  0.27    0.6   4.4   9.6   1.2  20.95
CGF_7-27    3 39 58.13  -35 32  2.0  20.76    22.06   0.97  0.08   25.7   3.0         0.9  22.41
CGF_7-35    3 39 58.53  -35 33 25.1  20.94 n  23.28   0.92  0.19  -23.5   5.8         2.1  24.33
CGF_7-54    3 39 58.70  -35 37 50.8  21.52    22.95   1.90  0.18  -83.1   3.3         1.2  23.60
CGF_7-6     3 39 58.87  -35 31 52.3  19.44    20.68   1.20  0.10  -11.6   3.2   6.4   1.0  21.36
CGF_7-48    3 39 59.19  -35 33 20.9  21.25    21.78   1.48  0.25   27.3   2.1         0.7  22.29
CGF_7-19    3 39 59.90  -35 34 12.8  20.50 n  22.31   1.12  0.32   59.4   9.5         4.4  23.35
CGF_7-64    3 40  0.40  -35 33 10.6  21.88    22.92   1.75  0.42   21.8   3.2         1.0  23.31
CGF_7-42    3 40  0.74  -35 34 32.6  21.10 n  22.79   0.92  0.63   57.9  12.1         5.6  24.60
CGF_7-2  *  3 40  0.81  -35 35 27.7  18.62 n  19.56   1.46  0.14  -81.5   4.3  11.8   1.0  20.48
CGF_7-52    3 40  1.18  -35 39 23.3  21.47 n  23.05   2.18  0.34  -36.6   4.7         1.8  24.19
CGF_7-5  *  3 40  3.81  -35 36 13.6  19.32 n  21.02   1.41  0.33   46.1   7.0  11.0   2.1  22.28
CGF_7-66    3 40  3.87  -35 32 39.8  21.89    22.60   0.98  0.18  -60.3   1.9         0.7  23.05
CGF_7-31    3 40  3.94  -35 36 18.0  20.86 n  22.29   1.21  0.59   17.2   7.1         3.7  24.02
CGF_7-1  *  3 40  4.39  -35 36 52.6  17.16    19.90   1.35  0.18  -26.5  11.3  25.0   3.0  21.32
CGF_7-38    3 40  4.69  -35 33 55.9  20.99    22.10   1.03  0.45   20.9   4.4         1.4  23.00
CGF_7-56    3 40  5.04  -35 39  7.1  21.65 n  22.57   1.16  0.45   75.7   2.9         1.0  22.90
CGF_7-21    3 40  5.08  -35 35 29.2  20.55    21.58   1.23  0.18   12.9   2.9         0.9  22.07
CGF_7-61    3 40  5.61  -35 34 50.7  21.78    22.81   0.89  0.19  -49.5   2.7         0.9  23.29
CGF_7-47    3 40  6.89  -35 33 56.6  21.21    21.66   1.51  0.07   82.5   2.1         0.7  22.29
CGF_7-20    3 40  8.35  -35 36  3.0  20.55    22.43   1.60  0.24   37.3   4.6         1.7  23.38
CGF_7-16 *  3 40  8.60  -35 32 26.5  20.35    21.49   0.89  0.50  -11.8   4.0   6.4   1.2  22.05
CGF_7-13 *  3 40  9.68  -35 35 56.3  20.23    21.56   1.08  0.53   81.8   4.8   7.6   1.6  22.37
CGF_7-23    3 40 10.87  -35 33 25.2  20.59    21.55   1.19  0.53  -46.2   4.3         1.2  22.19
CGF_7-24    3 40 12.17  -35 32 39.3  20.64    22.42   1.67  0.77   34.2   8.9         2.4  22.92
CGF_7-53    3 40 14.31  -35 34 46.3  21.51    21.89   0.80  0.27  -10.8   2.2         0.7  22.34
CGF_7-58    3 40 14.60  -35 34 37.3  21.70    21.99   1.65  0.04    3.4   1.8         0.6  22.57
CGF_7-72    3 40 15.01  -35 35 34.0  21.98    23.14   1.03  0.42  -36.2   3.6         1.3  23.93
CGF_7-33    3 40 15.16  -35 35 26.0  20.89    21.52   1.13  0.30  -32.4   2.6         0.7  21.87
CGF_7-37    3 40 15.25  -35 32 18.8  20.96 n  22.50   0.97  0.19   10.6   4.1         1.4  23.41
CGF_7-55    3 40 15.49  -35 38 14.6  21.57    22.23   1.46  0.10   48.4   2.0         0.7  22.61
CGF_7-68    3 40 15.67  -35 35 20.5  21.93 n  22.69   1.78  0.38   23.5   3.0         1.0  23.25
CGF_7-4  *  3 40 16.15  -35 33 14.2  19.03    20.83   0.89  0.37  -12.3   5.0   9.8   1.6  21.50
CGF_7-12 *  3 40 16.32  -35 35 25.0  20.09 n  21.19   1.76  0.18   55.0   5.1   7.4   2.0  22.79
CGF_7-63    3 40 16.37  -35 36 18.8  21.79 n  22.50   1.18  0.30   86.4   2.5         0.9  23.16
CGF_7-22    3 40 16.47  -35 35 23.7  20.57 n  21.27         0.16   46.5   4.3         2.0  22.92
CGF_7-45    3 40 16.72  -35 36 17.4  21.19 n  23.09   0.98  0.39   33.2   5.3         1.6  23.67
CGF_7-17 *  3 40 16.75  -35 34 55.9  20.42    22.35   0.94  0.52  -76.5   7.2   9.4   2.2  23.39
CGF_7-60    3 40 17.54  -35 38 26.5  21.72    22.43   1.26  0.41   86.0   2.4         0.9  22.88
CGF_7-69    3 40 17.73  -35 32 47.7  21.93    23.03   1.90  0.37   18.1   3.2         1.1  23.59
CGF_7-18 *  3 40 17.98  -35 32 27.0  20.47 n  21.83   1.03  0.52   33.0   5.3   8.2   1.6  22.76
CGF_7-26    3 40 18.24  -35 34 56.8  20.69    21.63   1.17  0.20  -66.0   3.0         1.0  22.34
CGF_7-11 *  3 40 18.27  -35 35 29.7  20.06    21.05   1.62  0.11  -22.3   3.8   7.2   1.0  21.96
CGF_7-7  *  3 40 20.04  -35 38 27.6  19.44    20.76   1.79  0.30   47.2   5.2  11.2   1.4  21.80
CGF_7-32    3 40 20.43  -35 37 29.8  20.88    22.26   0.85  0.43   64.0   4.4         1.4  22.95
CGF_7-36    3 40 20.86  -35 33 21.8  20.94    22.82   1.05  0.13   60.6   4.2         1.5  23.66
CGF_7-49    3 40 21.49  -35 38 28.3  21.30    22.51   1.21  0.40   54.2   3.3         1.1  22.93
CGF_7-28    3 40 21.94  -35 38 46.5  20.77    22.25   0.84  0.11   79.9   3.1         1.1  22.84
CGF_7-71    3 40 23.34  -35 33 29.2  21.95    22.33   0.96  0.18   22.3   2.0         0.6  22.66
CGF_7-15    3 40 24.60  -35 34  3.3  20.28    21.02   1.42  0.08   80.9   2.6   6.0   0.7  21.54
CGF_10-27   3 42  0.64  -35 20 53.0  20.87 n  23.27   2.11  0.28  -29.4  11.6         5.8  24.99
CGF_10-39   3 42  0.66  -35 22  4.7  21.38 n  23.32   1.91  0.43    4.8   5.4         1.8  24.02
CGF_10-24   3 42  0.88  -35 20 55.9  20.76 n  22.82   2.42  0.33  -39.5   9.8         5.3  24.83
CGF_10-9 *  3 42  0.93  -35 25 43.7  19.42 n  21.41   1.36  0.06  -47.3   5.2   8.0   1.5  22.22
CGF_10-30   3 42  1.57  -35 26 33.4  20.99    23.27   2.24  0.17   25.3   5.7         2.0  24.29
CGF_10-49   3 42  1.64  -35 22 14.4  21.55    22.82   1.10  0.10  -68.6   2.8         1.0  23.34
CGF_10-6 *  3 42  2.09  -35 23 45.8  18.85    21.14   0.82  0.19  -69.0   4.8   9.2   1.6  21.60
CGF_10-62   3 42  2.24  -35 26 38.4  21.89    23.24   2.18  0.02  -46.8   3.1         1.0  23.87
CGF_10-12*  3 42  2.27  -35 27  3.0  19.73 n  22.68   1.15  0.32  -15.6  10.7  11.0   3.2  23.59
CGF_10-44   3 42  2.29  -35 25 41.5  21.48    22.97   1.07  0.11  -79.9   3.4         1.1  23.53
CGF_10-31   3 42  2.56  -35 26 45.1  21.10    22.73   1.79  0.05  -33.0   3.5         1.1  23.20
CGF_10-59   3 42  3.05  -35 21 51.6  21.81    23.47   1.48  0.20   86.8   3.2         1.2  23.87
CGF_10-21   3 42  3.18  -35 19 52.9  20.34 n  21.97   1.42  0.12  -57.3   3.5   5.6   1.2  22.51
CGF_10-3 *  3 42  3.83  -35 26 47.3  18.41    21.32   1.62  0.54  -47.5  10.6  17.0   3.1  22.01
CGF_10-2 *  3 42  5.42  -35 23 58.1  17.90    20.25   1.52  0.09  -10.6   7.3  16.0   1.9  21.18
CGF_10-4 *  3 42  6.13  -35 23 41.4  18.65 n  20.90   1.36  0.19   65.0   5.9  10.6   1.8  21.65
CGF_10-63   3 42  6.14  -35 20 53.0  21.91    23.50   1.40  0.34  -80.4   3.9         1.4  24.10
CGF_10-50   3 42  6.48  -35 21 59.8  21.57    23.14   1.17  0.30   26.0   3.2         1.2  23.62
CGF_10-25   3 42  6.80  -35 26 42.5  20.81    22.66   1.31  0.10  -50.6   3.8         1.3  23.25
CGF_10-28   3 42  7.19  -35 24 40.4  20.92    22.85   1.75  0.20   53.8   4.9         1.6  23.62
CGF_10-47   3 42  8.00  -35 23 23.0  21.53    22.89   1.18  0.08  -63.4   2.7         1.0  23.33
CGF_10-54   3 42  8.34  -35 26 25.7  21.66    23.03   1.46  0.11  -78.1   3.0         1.1  23.70
GF 10-7     3 42  8.37  -35 24 43.0  19.29    21.06   1.15  0.07  -44.6   3.5   6.6   1.2  21.52
CGF_10-55   3 42  9.01  -35 25 13.5  21.70    23.14   1.50  0.02   67.1   2.9         1.0  23.71
CGF_10-42   3 42  9.10  -35 26 16.6  21.45    23.17   0.99  0.06  -53.0   2.8         1.1  23.57
CGF_10-67   3 42  9.39  -35 20 58.5  21.99    23.37   1.49  0.11   -8.4   2.7         1.1  24.03
GF 10-13 *  3 42 10.91  -35 26 32.5  19.93 n  24.30   0.58  0.33   18.4  11.6  12.0   6.5  25.56
CGF_10-8 *  3 42 14.75  -35 26 17.4  19.35    21.87   1.04  0.23   54.6   5.0   8.2   1.8  22.31
CGF_10-57   3 42 14.86  -35 22 13.6  21.74    23.04   1.01  0.18   58.4   3.2         1.1  23.72
CGF_10-11*  3 42 16.11  -35 20 21.0  19.72    23.11   0.92  0.13    9.2   7.4  10.2   2.9  23.86
CGF_10-46   3 42 16.27  -35 22 33.9  21.52    23.20   1.10  0.14   40.4   3.1         1.1  23.55
CGF_10-60   3 42 16.36  -35 22 59.6  21.87    23.43   1.65  0.38   60.9   3.5         1.4  24.11
CGF_10-19*  3 42 16.74  -35 25 58.3  20.25 n  22.40   1.23  0.21   27.8   5.3   6.4   1.6  22.93
CGF_10-17*  3 42 17.24  -35 24  9.8  20.09 n  22.44   1.77  0.23  -44.3   7.6   8.4   2.4  23.45
CGF_10-51   3 42 17.31  -35 24  4.8  21.62 n  23.21         0.34   28.9   6.9         4.7  25.32
CGF_10-68   3 42 17.69  -35 23 22.7  22.00 n  23.22   1.47  0.03   78.9   4.4         2.3  25.18
CGF_10-40   3 42 17.78  -35 21 23.8  21.41    23.57   1.60  0.09   59.0   4.3         1.6  24.26
CGF_10-58   3 42 18.04  -35 23 54.7  21.81 n  23.57   1.14  0.17  -22.4   6.9         4.8  25.59
CGF_10-65   3 42 18.84  -35 25 28.3  21.95    23.23   1.73  0.22   50.3   3.7         1.2  24.09
CGF_10-1 *  3 42 19.01  -35 23 47.2  16.87 n  20.07   1.02  0.27   -1.9  18.2  21.0   4.2  21.41
CGF_10-52   3 42 19.84  -35 20 25.6  21.63 n  23.43   0.98  0.49  -46.4   5.5         2.0  24.36
CGF_10-18*  3 42 19.91  -35 23 33.0  20.09 n  22.36         0.32  -18.8   5.5   6.6   1.8  23.28
CGF_10-15*  3 42 20.02  -35 26 14.7  20.07    22.50   1.35  0.26  -89.1   4.8   7.4   1.7  22.89
CGF_10-43   3 42 20.42  -35 21 28.1  21.46    23.70   1.84  0.18  -85.5   4.8         1.6  24.27
CGF_10-56   3 42 21.15  -35 23 35.9  21.71 n  23.16   0.81  0.24  -84.1   4.1         1.4  24.10
CGF_10-35   3 42 21.70  -35 20  6.7  21.20 n  22.85   1.66  0.44   89.0   6.1         1.8  23.56
CGF_10-10*  3 42 22.09  -35 23 23.7  19.58 n  21.87   1.49  0.41  -39.8   8.2   9.8   2.4  22.71
CGF_10-14*  3 42 22.09  -35 23  4.3  19.94 n  22.13   1.01  0.19   10.8   8.3   8.0   3.9  23.67
CGF_10-26   3 42 22.40  -35 23  4.8  20.81 n  22.46   1.01  0.09  -79.1   7.4         3.8  23.81
CGF_10-16*  3 42 22.65  -35 23 22.6  20.08 n  22.38   1.22  0.48  -43.3   9.2  10.4   3.3  23.45
CGF_10-38   3 42 23.02  -35 20 44.7  21.36    22.81   1.09  0.10   64.5   2.7         1.0  23.29
CGF_10-53   3 42 23.06  -35 20 20.1  21.65    23.07   1.24  0.18  -38.7   3.5         1.2  23.75
CGF_10-41   3 42 23.22  -35 22 45.0  21.42    22.79   1.04  0.26  -48.4   3.2         1.2  23.41
CGF_10-36   3 42 23.34  -35 24 11.8  21.23    22.76   1.71  0.12   83.1   3.0         1.1  23.25
CGF_10-34   3 42 24.24  -35 21 31.8  21.20    23.40   0.95  0.15   19.4   4.4         1.6  24.00
CGF_10-32   3 42 25.86  -35 21 27.1  21.16    23.03   0.85  0.13   32.6   3.5         1.3  23.58
CGF_10-37   3 42 26.28  -35 20 51.2  21.31    23.43   0.84  0.28   35.6   5.7         2.2  24.70
CGF_10-61   3 42 26.92  -35 25 46.9  21.88    23.07   1.51  0.18   70.7   2.9         1.0  23.69
CGF_10-5 *  3 42 27.62  -35 27  1.1  18.68    21.45   1.04  0.29  -11.9   6.3  11.2   2.2  22.00
CGF_10-45   3 42 31.18  -35 23  5.3  21.48 n  23.08   1.79  0.10  -52.1   3.6         1.2  23.65
CGF_10-20*  3 42 31.48  -35 22 41.8  20.31    22.90   0.86  0.25   69.6   4.9   8.0   1.9  23.41
CGF_10-29   3 42 31.90  -35 25 36.0  20.93    22.77   2.27  0.05  -74.3   4.0         1.3  23.38
CGF_10-64   3 42 32.62  -35 21  8.0  21.92    23.18   1.48  0.12  -58.2   3.0         1.0  23.80
CGF_10-66   3 42 32.69  -35 25 39.0  21.98    23.17   2.38  0.12  -20.1   2.9         1.0  23.83
CGF_10-48   3 42 32.87  -35 25 51.7  21.53    23.17   1.96  0.28   43.6   3.9         1.4  23.80
CGF_10-23   3 42 33.29  -35 21  7.8  20.69    23.14   1.36  0.61  -67.0   8.8         2.7  23.83
CGF_10-22   3 42 33.45  -35 21 48.0  20.68    22.50   0.85  0.13  -54.3   3.9         1.3  23.10
CGF_10-33   3 42 33.88  -35 21 57.0  21.17 n  23.37   0.99  0.28   48.3   4.4         1.6  23.88
CGF_11-70   3 45 50.87  -35 23 42.8  21.94 n  23.15   1.07  0.09    3.4   3.0         1.0  23.73
CGF_11-69   3 45 51.01  -35 24  7.0  21.92    22.97   0.89  0.58   40.3   3.4         1.3  23.52
CGF_11-67   3 45 51.03  -35 28 14.5  21.88    22.71   0.96  0.11  -37.3   2.5         0.8  23.32
CGF_11-34   3 45 51.69  -35 28 25.9  20.95    22.61   1.66  0.30   71.4   3.8         1.3  23.11
CGF_11-10   3 45 52.48  -35 24 27.9  20.00    21.05   1.64  0.26   59.3   3.3   6.2   1.0  21.56
CGF_11-33   3 45 52.78  -35 25 35.3  20.95    23.09   1.14  0.21   88.5   4.2         1.6  23.75
CGF_11-19   3 45 52.81  -35 27 18.1  20.36 n  21.42   1.77  0.26  -37.0   4.4   6.6   1.2  22.28
CGF_11-73   3 45 52.82  -35 27 21.6  21.99 n  22.90   1.82  0.13  -47.4   4.9         3.5  24.60
CGF_11-31   3 45 53.25  -35 30 12.7  20.92    21.76   1.37  0.19  -68.6   2.9         0.9  22.41
CGF_11-51   3 45 53.64  -35 26 49.7  21.51 n  23.07   1.63  0.49   48.6   5.1         1.7  23.90
CGF_11-63   3 45 54.10  -35 29 43.9  21.78 n  22.78   1.77  0.25   58.0   4.0         1.4  23.78
CGF_11-66   3 45 54.57  -35 24 28.9  21.81    22.80   1.19  0.07   73.3   2.4         0.8  23.29
CGF_11-11   3 45 54.71  -35 24 48.8  20.04    21.36   1.66  0.18   17.7   4.2   6.8   1.2  22.12
CGF_11-39   3 45 54.83  -35 23 40.6  21.08    22.08   1.42  0.23   21.5   2.8         1.0  22.67
CGF_11-25   3 45 55.25  -35 29 55.8  20.67    22.97   2.21  0.29   84.5   6.8         2.4  24.15
CGF_11-41   3 45 55.79  -35 23 41.4  21.19    22.50   1.25  0.10  -31.9   3.2         1.0  23.12
CGF_11-46   3 45 55.86  -35 24 59.2  21.34    22.34   1.48  0.08   45.8   3.0         1.0  23.13
CGF_11-57   3 45 56.07  -35 25  6.6  21.65    22.34   1.25  0.07  -38.7   2.1         0.7  22.73
CGF_11-23*  3 45 56.22  -35 24 34.5  20.49    22.09   1.23  0.21  -64.8   4.0   6.2   1.5  23.11
CGF_11-22*  3 45 56.47  -35 27 49.3  20.44    22.72   0.74  0.18   13.0   4.5   6.6   1.6  23.29
CGF_11-12   3 45 57.07  -35 25 13.2  20.09    20.97   0.96  0.10  -52.7   2.6   5.4   0.7  21.35
CGF_11-48   3 45 57.78  -35 24 51.8  21.39    21.98   1.36  0.20  -24.2   2.2         0.7  22.30
CGF_11-21*  3 45 58.25  -35 26  8.1  20.37    22.04   1.31  0.30    7.4   3.6   5.8   1.3  22.54
CGF_11-61   3 45 59.40  -35 28 19.6  21.77    22.66   2.09  0.10  -73.5   2.6         0.8  23.20
CGF_11-64   3 45 59.82  -35 23 33.2  21.79 n  23.02   2.19  0.29  -12.4   4.5         1.6  24.07
CGF_11-20*  3 46  0.45  -35 24 47.7  20.37    22.29   1.74  0.44   38.3   5.8   8.0   1.8  23.03
CGF_11-71   3 46  1.06  -35 27 48.0  21.96    23.17   2.16  0.66   21.6   6.1         1.8  24.06
CGF_11-35   3 46  1.36  -35 27 28.8  20.95    22.91   1.75  0.07   12.6   3.7         1.4  23.63
CGF_11-56   3 46  2.25  -35 27  8.9  21.62    22.91   1.00  0.26  -19.4   3.1         1.0  23.35
CGF_11-58   3 46  2.32  -35 30  0.4  21.68 n  22.41   2.14  0.13  -60.2   3.1         1.0  23.12
CGF_11-32   3 46  3.31  -35 25 10.5  20.94    21.95   1.26  0.32  -87.5   2.7         1.0  22.40
CGF_11-43   3 46  3.63  -35 27 13.8  21.22    22.25   2.09  0.32   60.5   3.6         1.1  22.95
CGF_11-72   3 46  3.81  -35 30  1.6  21.97 n  23.43   2.17  0.49  -12.7   4.5         1.5  24.11
CGF_11-60   3 46  3.90  -35 26 12.1  21.73    22.93   1.07  0.47  -34.4   3.7         1.2  23.49
CGF_11-8 *  3 46  5.05  -35 27 37.6  19.65    21.69   1.17  0.07  -40.2   4.7   8.6   1.4  22.34
CGF_11-42   3 46  5.53  -35 29 18.4  21.20    22.80   1.83  0.09  -31.3   3.0         1.0  23.13
CGF_11-13*  3 46  5.55  -35 27 25.5  20.13    21.84   1.60  0.64   37.4   7.1   9.6   1.9  22.39
CGF_11-6 *  3 46  5.65  -35 28 15.9  19.31    22.09   1.22  0.07  -88.4   5.3   8.6   1.8  22.55
CGF_11-3 *  3 46  6.41  -35 23 55.8  18.50    20.74   1.43  0.51  -65.6   7.9  14.0   2.4  21.65
CGF_11-45   3 46  8.12  -35 26 41.3  21.32    22.33   1.69  0.26   -2.6   2.7         0.9  22.72
CGF_11-40   3 46  9.88  -35 30 26.9  21.09 n  22.95   2.18  0.45  -57.5   5.7         2.0  23.85
CGF_11-53   3 46  9.94  -35 25 14.1  21.55    23.20   1.62  0.13  -66.6   3.4         1.2  23.82
CGF_11-47   3 46 10.30  -35 24 46.0  21.37 n  22.63   1.40  0.15  -13.8   2.7         1.0  23.13
CGF_11-65   3 46 10.61  -35 28 24.5  21.79    23.15   1.98  0.29   14.4   3.5         1.2  23.72
CGF_11-1 *  3 46 11.61  -35 24 19.7  17.95    19.84   1.51  0.15  -19.7   8.2  19.6   2.0  21.31
CGF_11-15*  3 46 12.97  -35 30 42.9  20.20    22.27   1.25  0.25   70.2   4.4   6.6   1.6  22.86
CGF_11-4 *  3 46 13.21  -35 24 22.9  18.98    20.50   1.49  0.27   -4.9   5.3  11.4   1.5  21.49
CGF_11-18   3 46 13.24  -35 24 43.2  20.32    21.23   1.41  0.09  -66.7   2.6   4.6   0.8  21.78
CGF_11-14*  3 46 13.31  -35 23 39.9  20.15    22.22   0.80  0.36   16.3   4.6   6.6   1.5  22.54
CGF_11-30   3 46 13.90  -35 27 20.3  20.89    23.03   1.28  0.74   -7.4  10.7         2.9  23.71
CGF_11-37   3 46 15.03  -35 26  5.0  21.02 n  22.46   2.45  0.34  -82.5   7.9         5.6  24.84
CGF_11-59   3 46 15.05  -35 27  4.1  21.69    22.77   0.90  0.19   23.7   2.6         0.9  23.19
CGF_11-62   3 46 15.17  -35 25 41.0  21.77    22.61   1.91  0.16   59.2   2.5         0.8  23.13
CGF_11-9 *  3 46 15.39  -35 26  4.7  19.87 n  21.42   1.93  0.25  -34.0   8.2   9.0   3.1  23.55
CGF_11-26   3 46 17.26  -35 25 58.9  20.68    22.13   1.97  0.54  -23.7   5.5         1.6  22.86
CGF_11-7 *  3 46 17.30  -35 27 22.2  19.62    21.62   0.92  0.23  -48.8   4.3   7.8   1.4  22.12
CGF_11-28   3 46 19.02  -35 28 47.9  20.77    22.02   0.97  0.23  -60.1   3.1         1.0  22.53
CGF_11-54   3 46 20.91  -35 23 53.8  21.56    22.52   0.81  0.16  -65.1   2.3         0.8  22.93
CGF_11-5 *  3 46 21.18  -35 23 18.0  19.19    20.32   1.46  0.25  -66.1   4.3   9.8   1.2  21.18
CGF_11-16*  3 46 21.69  -35 29 24.0  20.25    21.82   1.47  0.42   67.5   4.2   6.0   1.3  22.21
CGF_11-17   3 46 22.20  -35 28 19.8  20.32 n  21.36   1.88  0.14  -57.8   4.3   6.8   1.2  22.37
CGF_11-50   3 46 22.21  -35 28  2.5  21.46 n  22.88   1.31  0.26  -43.7   3.8         1.2  23.56
CGF_11-68   3 46 22.36  -35 23 51.3  21.92 n  23.61   0.87  0.20   87.8   4.4         1.7  24.83
CGF_11-29   3 46 23.19  -35 25 59.2  20.80    22.14   1.06  0.21   47.3   3.5         1.1  22.73
CGF_11-55   3 46 23.63  -35 25  4.5  21.59    23.15   1.02  0.62   69.7   5.7         1.7  23.70
CGF_11-24   3 46 23.66  -35 29 40.3  20.64    21.81   1.90  0.31   17.2   4.0         1.2  22.53
CGF_11-2 *  3 46 23.89  -35 28 46.4  18.20    20.67   1.36  0.46   40.0   8.6  17.0   2.6  21.59
CGF_11-38   3 46 24.21  -35 28  4.7  21.07    22.88   1.23  0.06  -54.1   4.5         1.6  23.97
CGF_11-52   3 46 24.48  -35 25 20.7  21.54    22.97   0.97  0.16  -83.4   2.9         1.0  23.40
CGF_11-49   3 46 25.43  -35 28 56.8  21.40 n  23.27   1.55  0.29   85.4   6.4         4.3  25.28
CGF_11-36   3 46 27.38  -35 30 56.4  20.96    21.92   0.98  0.30   31.2   2.6         0.9  22.31
CGF_11-27   3 46 27.80  -35 24 33.5  20.69    22.14   1.62  0.11  -89.6   3.5         1.2  22.99
CGF_11-44   3 46 28.35  -35 30  2.7  21.22    22.38   0.89  0.20   23.9   3.1         1.0  22.87
